rozmiar;ilosc grzybow;grzyby;pole gracz 1; pole gracz 2; kostka; wartosci kostki; prawdop. kostki;MonteCarlo;Gauss;Gauss Siedl; Jacobie;Gauss Time;Gauss Parse Time;Gauss Siedl Time;Jacobie Time;Eigen;Eigen Time;Eigen Parse Time;
7;3;[1, 2, 3];4;5;3;[-4, -3, -2];[1, 1, 1];0,76534;0,7681405521335829;0,7681405520259192;0,7681405132573508;0,156;0,017;0,044;0,052;0,76814055213358290;0,059000;0,001000
11;4;[1, 2, 3, 7];4;5;4;[-4, -3, -2, 1];[1, 1, 1, 1];0,67689;0,76814055213358290;0,059000;0,001000
13;5;[1, 2, 3, 7, 11];4;5;5;[-4, -3, -2, 1, 0];[1, 1, 1, 1, 1];0,64891;0,76814055213358290;0,061000;0,000000
11;4;[1, 2, 3, 7];4;5;5;[-4, -3, -2, 1, 0];[1, 1, 1, 1, 1];0,62674;0,76814055213358290;0,080000;0,000000
11;5;[1, 2, 3, 7, 8];4;5;5;[-4, -3, -2, 1, 0];[1, 1, 1, 1, 1];0,63993;0,76814055213358290;0,064000;0,001000
11;5;[1, 2, 3, 7, 8];4;5;5;[-4, -3, -2, 1, 0];[1, 1, 1, 1, 1];0,63757
11;5;[1, 2, 3, 7, 8];4;5;5;[-4, -3, -2, 1, 0];[1, 1, 1, 1, 1];0,6401
11;5;[1, 2, 3, 7, 8];4;5;5;[-4, -3, -2, 1, 0];[1, 1, 1, 1, 1];0,63756
11;5;[1, 2, 3, 7, 8];4;5;5;[-4, -3, -2, 1, 0];[1, 1, 1, 1, 1];0,64293
11;5;[1, 2, 3, 7, 8];4;5;4;[-4, -3, -2, 1];[1, 1, 1, 1];0,69859
11;3;[1, 2, 3];4;5;4;[-4, -3, -2, 1];[1, 1, 1, 1];0,67068;0,672793813155812;0,6727910634359213;0,737;0,389
13;3;[1, 2, 3];4;5;4;[-4, -3, -2, 1];[1, 1, 1, 1];0,66533;0,6679823900926216;0,6679610621656178;1,769;0,839
15;3;[1, 2, 3];4;5;4;[-4, -3, -2, 1];[1, 1, 1, 1];0,66487