4640
1
2
2
2
2
3
3
3
3
3
3
3
4
4
4
4
4
4
4
5
5
5
5
5
5
5
6
6
6
5
5
5
5
5
5
5
5
5
5
6
6
6
6
6
6
6
7
7
7
7
7
7
7
8
8
8
8
9
10
11
13
18
20
12
13
14
15
17
19
22
16
17
18
21
21
23
25
19
19
19
19
20
21
22
24
26
29
23
24
25
26
30
32
34
27
28
29
31
32
35
36
36
38
39
42
41
40
43
43
42
45
45
44
45
52
49
51
50
50
49
49
49
46
48
48
48
47
47
47
45
46
46
46
45
45
45
44
44
44
44
44
45
46
47
49
54
55
48
49
50
52
55
57
59
52
53
54
58
59
62
62
55
55
55
54
54
54
53
53
53
52
52
52
58
59
64
58
61
61
54
55
58
55
55
55
52
51
50
49
50
50
50
48
47
46
45
45
45
45
44
43
42
41
40
40
40
37
36
35
34
34
34
31
30
29
28
28
28
25
24
23
23
24
25
26
29
32
36
37
34
34
32
31
30
30
31
32
34
37
42
41
44
41
41
39
38
37
37
38
39
42
45
48
48
51
49
48
46
45
44
44
45
46
48
51
52
56
48
49
50
53
56
58
60
52
53
54
58
58
63
65
55
55
55
54
54
54
53
53
53
52
52
52
58
63
64
59
64
64
60
64
61
64
64
68
65
69
70
70
69
68
61
61
61
58
58
58
55
55
55
53
54
55
58
63
64
66
68
67
66
71
70
71
63
64
65
67
70
72
75
77
77
79
83
82
80
73
74
75
76
81
83
85
85
87
87
89
91
92
88
93
93
94
94
97
94
98
97
100
101
103
99
102
104
105
106
105
103
103
103
100
99
98
97
96
95
94
96
96
96
95
95
95
93
92
91
90
89
88
87
88
88
88
87
87
87
86
85
84
83
82
81
80
80
80
80
80
81
82
83
87
88
89
80
81
82
89
89
92
92
84
85
86
90
93
94
97
87
87
87
86
86
86
85
85
85
84
84
84
94
92
93
95
93
92
91
88
93
91
90
91
93
93
96
95
95
98
87
87
87
84
84
84
81
81
81
78
78
78
75
75
75
72
72
72
82
80
82
84
79
81
88
80
79
81
78
78
75
74
73
72
71
70
69
68
67
66
69
67
67
65
64
63
62
61
60
59
58
57
56
57
56
56
55
54
53
52
51
50
49
48
47
46
45
45
45
42
41
40
39
39
39
36
35
34
33
33
33
30
29
28
28
29
30
33
33
38
46
40
41
40
46
47
46
45
44
44
43
42
41
41
42
43
47
49
50
54
55
54
56
56
57
59
57
59
62
56
55
54
54
55
56
57
61
65
63
66
64
64
66
64
64
66
72
64
59
57
55
67
67
67
71
68
68
68
68
68
68
72
69
69
69
69
69
69
74
70
70
70
69
69
69
69
69
69
68
68
68
68
68
68
67
67
67
67
67
67
66
66
66
66
66
66
56
56
58
60
64
66
60
60
64
66
66
68
64
64
66
67
72
73
65
65
64
64
63
63
62
62
70
73
75
70
72
72
71
75
76
75
75
77
77
81
80
84
84
84
84
84
84
72
72
81
81
81
81
81
81
70
70
78
78
78
78
78
78
68
68
75
75
75
75
75
75
66
66
72
72
72
72
72
72
64
64
69
69
69
69
69
69
62
62
68
73
74
73
74
73
76
75
77
77
77
81
81
83
82
83
84
84
84
84
84
84
84
84
78
78
81
81
81
81
81
81
76
76
78
78
78
78
78
78
74
74
76
76
76
80
77
77
77
75
75
78
80
80
84
84
85
86
86
91
89
90
92
92
93
94
92
92
92
95
93
93
93
90
90
92
94
96
97
98
99
99
99
99
99
102
104
104
102
103
92
92
92
97
93
93
93
90
90
91
93
97
98
98
100
100
101
103
104
106
105
106
109
107
107
108
109
110
118
111
111
112
114
114
122
115
129
130
132
119
118
120
105
105
105
105
105
105
105
105
105
105
105
105
105
105
105
105
105
105
104
104
104
104
104
104
103
103
103
103
103
103
102
102
102
102
102
102
101
101
101
101
101
101
100
100
100
100
100
100
99
99
99
99
99
99
98
98
98
98
98
98
97
97
97
97
97
97
96
96
96
96
96
96
95
95
95
95
95
95
94
94
94
94
94
94
93
93
93
93
93
93
92
92
92
92
92
92
92
92
92
92
92
92
92
92
92
94
93
93
93
93
93
93
93
93
93
96
96
96
99
102
100
103
96
96
103
100
100
101
102
104
106
112
105
105
107
108
116
113
109
110
110
115
116
118
121
119
119
120
119
120
122
124
123
124
129
127
127
129
131
134
130
132
133
138
135
135
140
138
139
90
91
91
92
93
96
97
91
91
90
90
89
89
88
88
94
91
88
89
90
91
85
85
82
82
79
79
76
76
73
73
124
127
129
126
77
129
133
132
132
78
135
140
138
138
79
139
146
142
141
80
142
145
144
148
80
150
152
149
157
81
76
76
73
73
70
70
67
67
64
64
61
61
134
137
137
140
63
157
161
163
163
81
141
141
141
141
142
142
148
142
142
142
142
142
148
141
141
141
141
141
141
141
141
141
141
141
141
141
141
141
141
141
141
141
141
141
141
141
141
63
63
63
63
63
63
62
62
62
62
62
62
61
61
61
61
61
61
60
60
60
60
60
60
59
59
59
59
59
59
58
58
58
58
58
58
57
57
57
57
57
57
56
56
56
56
56
56
55
55
55
55
55
55
54
54
54
54
54
54
53
53
53
53
53
53
52
52
52
52
52
52
51
51
51
51
51
51
50
50
50
50
50
50
49
49
49
49
49
49
48
48
48
48
48
48
29
29
28
28
28
28
28
28
24
24
22
22
22
22
22
22
25
21
21
21
21
22
22
22
25
26
26
27
28
29
31
33
31
31
31
32
38
36
35
36
36
36
37
44
41
40
41
42
42
46
46
49
50
52
53
53
55
54
54
55
58
61
58
61
62
62
64
65
66
65
68
67
70
71
73
75
75
73
79
78
79
77
80
84
82
81
85
87
86
85
91
91
91
91
93
93
94
99
95
98
98
96
97
99
98
103
103
91
91
91
91
92
95
95
102
99
93
93
92
92
91
91
90
90
97
96
91
93
90
89
88
87
86
87
85
84
83
82
81
81
80
79
78
77
76
76
75
74
73
72
72
71
70
69
68
68
67
66
65
64
64
63
62
61
60
60
59
58
57
56
56
55
54
53
24
24
120
24
24
23
24
20
22
24
24
24
24
18
18
18
22
22
41
41
40
39
38
36
36
35
34
33
31
31
30
29
28
26
26
25
24
23
21
21
20
19
18
16
16
15
14
13
28
29
29
11
11
10
9
8
30
31
31
30
29
28
29
29
53
35
34
73
31
32
32
37
41
37
48
34
35
35
39
43
40
56
36
37
39
42
46
55
46
92
126
129
128
138
128
136
60
65
56
73
142
65
63
72
75
68
67
64
68
70
71
65
65
65
65
65
64
64
64
64
64
63
63
63
63
63
9
13
17
15
11
15
14
18
14
15
16
17
19
25
19
26
21
21
24
31
24
26
26
26
28
30
31
30
32
34
34
36
39
36
42
43
44
43
47
47
47
48
50
49
49
57
52
54
55
57
56
63
57
59
60
61
62
68
64
70
66
73
67
71
71
76
71
74
78
75
77
76
80
81
82
82
81
83
83
86
77
77
77
180
192
193
76
76
76
75
75
75
74
74
74
73
73
73
62
61
60
59
58
57
57
57
54
53
53
53
50
49
49
49
46
45
45
45
42
41
41
41
38
37
37
37
34
33
33
33
30
29
29
29
26
25
25
25
22
21
21
21
18
17
17
17
14
13
13
13
10
9
9
9
6
5
5
5
2
15
15
148
13
14
14
19
17
20
145
24
19
24
23
22
25
24
27
25
26
26
30
31
30
42
35
31
36
174
30
31
37
41
39
39
43
43
41
45
44
42
172
44
42
46
49
49
48
53
51
50
56
55
56
189
53
53
58
63
58
61
70
66
63
63
64
66
69
71
69
70
74
75
74
78
75
79
80
77
77
79
84
84
90
83
86
87
90
87
88
89
91
93
96
94
19
19
19
19
19
19
18
18
18
18
18
18
229
229
229
17
17
17
17
17
17
17
17
17
17
18
18
18
17
17
17
17
17
17
16
16
16
16
16
16
15
15
15
15
15
15
14
14
14
14
14
14
13
13
13
13
13
13
12
12
12
12
12
12
11
11
11
11
11
11
10
10
10
10
10
10
9
9
9
9
9
9
8
8
8
8
8
8
7
7
7
7
7
7
6
6
6
6
6
6
93
98
99
102
102
101
98
105
104
104
5
5
5
5
5
5
4
4
4
4
4
4
3
3
3
3
3
3
237
235
235
241
231
239
244
253
239
234
247
249
247
246
240
251
250
251
254
252
245
247
255
263
263
255
250
271
248
249
250
258
260
266
269
252
253
254
252
253
254
251
251
251
250
250
250
249
249
249
263
247
242
241
240
238
237
236
236
235
235
234
234
233
233
232
232
231
231
231
228
227
227
226
226
226
225
225
225
220
219
218
218
217
217
217
218
219
218
217
217
217
218
219
218
217
217
217
218
219
218
217
217
77
77
77
76
76
76
75
75
75
74
74
74
73
73
73
62
61
60
59
58
57
57
57
56
56
56
55
55
55
48
47
46
45
45
45
42
41
41
41
38
37
37
37
34
33
33
33
30
29
29
29
26
25
25
25
22
21
21
21
18
17
17
17
14
13
13
13
10
9
9
9
6
5
5
5
2
10
9
10
9
10
159
10
13
14
16
15
15
163
16
20
20
19
21
20
171
23
159
161
161
161
161
161
162
163
163
163
163
163
163
168
165
165
165
165
22
24
27
26
27
28
28
33
33
34
37
38
36
36
38
40
40
45
43
41
42
45
43
45
45
46
49
52
50
52
55
56
55
55
56
64
61
62
63
66
72
63
64
69
74
68
71
73
73
72
75
83
89
78
77
79
85
79
81
90
83
84
96
96
96
95
95
95
235
232
94
94
94
93
93
93
92
92
92
86
86
86
85
85
85
82
82
82
80
80
80
78
78
78
76
76
76
74
73
208
72
71
70
69
68
67
66
65
64
63
62
196
61
60
59
58
57
56
55
54
53
52
51
184
50
49
48
47
46
45
44
43
42
41
41
41
39
38
37
36
36
36
34
33
32
31
31
31
29
28
27
26
26
26
24
23
22
21
21
21
19
18
17
16
16
16
14
13
12
9
10
10
11
19
12
15
16
16
21
17
175
26
23
26
23
23
26
183
32
28
34
29
30
36
186
31
31
31
31
31
184
183
182
185
179
200
193
190
188
191
184
191
199
203
198
200
189
208
33
34
34
35
37
39
37
39
46
44
44
43
46
45
45
49
51
51
51
57
56
56
55
55
58
58
63
60
62
62
63
64
65
70
68
73
70
71
70
71
77
78
75
78
76
79
80
85
82
84
85
86
11
11
11
9
8
7
6
6
6
4
3
2
226
227
226
229
231
229
228
251
225
224
223
222
221
220
219
218
217
216
215
214
213
212
211
211
212
213
219
228
229
228
215
216
217
246
240
232
239
219
220
221
231
243
243
247
222
222
222
238
241
241
253
231
231
231
257
255
261
245
247
262
245
254
259
264
259
251
258
246
255
274
263
258
273
259
261
268
256
278
271
269
268
267
280
276
276
276
282
281
289
279
297
272
282
279
281
286
292
295
285
295
288
283
291
276
276
276
276
276
276
275
275
275
275
275
275
274
274
274
275
275
275
10
12
11
12
11
11
12
18
17
18
24
21
20
20
23
24
30
32
28
25
31
27
27
27
30
28
29
31
33
37
34
38
37
36
40
43
42
42
43
45
48
48
45
46
47
49
50
53
54
54
57
58
60
65
60
59
63
65
62
65
68
74
73
74
68
75
78
72
76
77
77
75
77
80
83
79
81
82
83
84
77
77
77
76
76
76
75
75
75
74
74
74
345
345
73
73
73
331
331
330
330
331
332
331
332
331
332
62
62
62
61
61
61
60
60
60
53
53
53
50
50
50
47
47
47
44
44
44
43
43
43
42
42
42
41
41
41
40
40
40
39
39
39
38
38
38
37
37
37
36
36
36
35
35
35
34
34
34
33
33
33
30
30
30
29
29
29
26
26
26
25
25
25
22
22
22
21
21
21
18
18
18
17
17
17
14
14
14
13
13
13
10
10
10
9
9
9
6
6
6
5
5
5
2
2
2
9
13
10
11
11
13
15
16
21
24
21
19
20
23
22
27
29
25
24
24
24
304
308
319
320
308
319
26
29
28
32
31
33
35
37
35
36
35
38
38
43
41
42
44
46
48
48
50
50
51
55
52
57
55
54
57
60
61
61
62
66
63
66
62
64
348
65
63
347
358
359
347
339
354
66
68
68
70
72
71
74
77
74
76
80
78
79
80
79
82
382
79
80
374
375
372
386
362
375
80
85
85
85
88
88
89
91
92
93
92
100
95
95
98
95
402
97
97
398
404
411
408
385
415
101
101
102
104
105
105
106
108
108
110
113
110
114
117
119
116
116
119
119
118
122
125
124
77
77
76
76
75
75
74
74
73
73
72
72
71
70
69
68
67
400
66
65
64
63
62
61
393
60
59
58
57
56
55
386
54
384
383
382
381
380
379
378
377
376
375
374
373
372
371
370
53
53
52
52
51
50
49
48
47
46
45
45
44
44
43
42
41
40
39
38
37
37
36
35
34
33
33
32
31
30
29
29
28
27
26
25
25
24
23
22
21
21
20
19
18
17
17
16
15
14
13
13
12
11
10
9
9
8
7
6
5
5
4
3
2
341
328
333
329
357
333
336
338
340
339
341
334
334
351
344
336
348
336
360
340
351
353
341
343
333
334
335
340
349
345
363
337
338
339
337
338
339
336
336
336
335
335
335
334
334
334
333
333
333
347
348
322
322
322
319
319
319
316
316
316
313
313
313
312
312
312
306
305
304
303
302
301
300
299
298
297
296
295
294
293
292
291
290
289
288
288
288
285
284
283
282
282
282
279
279
279
276
275
274
273
272
271
271
272
273
273
272
271
271
272
273
273
272
271
271
272
273
273
272
271
77
77
77
76
76
76
75
75
75
74
74
74
73
73
73
72
72
72
71
71
71
56
56
56
53
53
53
52
52
52
51
51
51
44
44
44
43
43
43
42
42
42
41
41
41
40
40
40
39
39
39
38
38
38
37
37
37
36
36
36
35
35
35
34
34
34
33
33
33
30
30
30
27
27
27
24
24
24
23
23
23
22
22
22
21
21
21
18
18
18
17
17
17
14
14
14
13
13
13
10
10
10
9
9
9
6
6
6
5
5
5
2
2
2
10
16
11
14
11
14
13
18
19
17
21
24
19
20
24
30
29
27
27
29
30
27
27
27
249
264
28
36
35
248
249
237
257
251
253
249
265
242
258
257
262
30
32
35
35
35
38
38
40
42
250
254
255
254
260
258
258
258
257
257
256
256
45
48
47
48
50
49
50
50
53
54
52
57
54
54
62
56
61
66
59
61
63
66
63
63
64
68
70
68
70
72
71
77
77
74
80
78
77
76
78
78
78
78
80
80
82
82
83
87
85
88
89
89
91
93
92
95
95
95
99
101
98
100
102
102
105
105
107
105
106
108
112
109
112
115
114
113
115
119
117
123
127
122
123
125
115
115
115
114
114
114
113
113
113
112
112
112
111
111
111
110
110
110
328
332
338
342
350
341
97
97
97
96
96
96
91
91
91
90
90
90
85
85
85
82
82
82
79
79
79
76
76
76
73
73
73
70
70
70
67
67
67
13
13
13
7
7
7
9
11
10
14
13
12
15
15
18
20
19
19
24
20
23
25
31
26
24
24
25
27
26
28
33
38
33
38
37
40
42
36
249
38
37
244
246
249
261
238
250
37
41
44
45
46
50
48
49
50
51
261
54
48
267
274
262
267
255
264
48
51
57
62
57
55
57
63
65
60
285
63
59
280
280
285
287
272
279
61
64
297
292
299
293
304
293
288
295
299
291
302
309
301
300
305
304
305
305
62
69
66
66
68
71
72
73
74
72
78
77
76
83
80
79
82
84
82
85
88
88
88
88
96
92
90
94
101
93
96
94
100
98
99
103
103
106
109
106
327
327
331
333
329
338
323
313
314
321
319
330
331
332
320
320
333
330
336
338
336
325
325
345
346
345
346
344
347
344
345
348
345
352
350
352
346
355
347
338
338
338
352
355
350
351
354
358
357
362
366
357
359
375
356
353
373
363
377
369
371
376
381
365
376
380
377
368
375
383
386
393
374
377
374
391
379
384
388
388
380
389
386
387
394
391
402
391
395
413
400
403
423
8
9
14
11
12
14
14
18
20
18
18
22
25
26
31
31
29
26
27
31
32
32
34
39
32
36
47
41
36
36
36
36
36
37
37
44
41
44
44
45
52
46
46
50
55
55
53
60
57
60
59
56
64
60
62
62
62
62
64
66
65
67
71
69
72
70
72
73
78
74
75
78
78
80
82
81
82
83
84
84
86
93
88
88
87
87
87
88
89
90
90
92
94
93
95
100
97
100
100
102
103
108
104
108
107
109
111
110
111
116
114
114
117
120
117
120
121
123
122
124
115
115
115
114
114
114
113
113
113
112
112
112
111
111
111
110
110
110
109
109
109
94
94
94
91
91
91
90
90
90
89
89
89
82
82
82
79
79
79
76
76
76
73
73
73
70
70
70
67
67
67
64
63
62
61
60
59
58
43
40
39
38
31
28
25
22
19
16
13
13
13
10
7
7
7
4
12
11
12
14
13
13
15
17
16
19
18
19
20
22
22
25
27
26
28
28
28
28
30
32
30
31
33
33
33
33
34
36
37
37
39
40
404
424
420
414
417
429
41
42
42
45
45
46
48
48
49
50
52
53
53
54
56
57
59
60
59
60
61
62
63
64
96
96
96
95
95
95
94
94
94
93
93
93
92
92
92
91
91
91
90
90
90
82
82
82
80
80
80
78
78
78
77
77
77
74
73
72
71
70
69
68
67
400
66
398
397
396
395
394
65
64
63
62
61
60
59
58
57
56
383
55
381
380
379
378
377
54
53
52
51
50
49
48
47
46
45
44
43
42
362
361
360
359
358
357
356
355
354
353
352
351
41
41
41
40
40
40
37
37
37
35
34
33
32
31
30
29
28
27
26
26
26
24
24
24
22
21
20
19
18
17
16
16
16
14
13
12
11
11
11
9
8
7
6
6
6
4
3
2
319
318
326
323
325
325
304
304
304
305
303
304
263
263
260
260
257
257
236
236
230
230
115
115
115
114
114
114
113
113
113
112
112
112
111
111
111
110
110
110
109
109
109
94
94
94
91
91
91
88
88
88
85
85
85
82
82
82
81
81
81
80
80
80
73
73
73
70
70
70
67
67
67
64
63
62
61
60
59
58
43
40
37
34
31
30
29
22
19
16
13
13
13
10
10
10
7
4
9
12
15
15
14
14
17
15
20
20
20
22
21
25
25
25
28
30
30
33
30
28
31
34
30
32
33
33
36
36
36
36
36
37
39
40
39
43
45
43
48
47
46
47
53
51
51
52
56
54
57
56
57
59
59
62
61
62
64
64
66
69
67
70
69
72
72
72
71
73
73
73
74
77
79
80
80
81
82
83
8
9
12
13
15
14
16
19
17
18
22
22
22
24
22
27
30
32
31
34
30
29
34
32
35
33
36
41
39
39
41
38
41
39
43
45
42
42
42
45
46
45
47
47
50
52
51
55
58
54
59
60
58
61
65
63
64
67
64
70
68
67
68
68
70
176
71
69
179
171
175
182
172
188
72
73
184
185
181
180
183
194
76
78
80
78
78
79
80
81
86
88
84
83
90
86
204
88
86
205
218
214
208
201
214
88
92
212
216
215
213
213
219
92
94
93
97
95
100
98
102
100
103
103
102
103
102
102
103
104
108
108
112
112
231
231
236
237
235
239
240
237
238
240
242
244
111
114
116
117
117
117
120
119
120
123
124
123
251
250
254
262
9
11
15
14
15
15
18
19
18
17
19
23
20
23
25
25
27
26
28
30
32
30
31
32
33
35
38
37
38
39
37
41
39
41
42
42
42
43
44
45
45
45
45
46
48
48
51
52
52
54
55
54
59
59
59
62
62
62
63
65
67
66
69
70
71
71
71
72
76
74
75
74
75
76
76
77
80
81
82
83
115
115
115
114
114
114
113
113
113
112
112
112
111
111
111
110
110
110
109
109
109
94
94
94
91
91
91
88
88
88
85
85
85
82
82
82
79
79
79
78
78
78
73
73
73
72
72
72
67
67
67
13
13
13
10
10
10
9
13
11
12
13
13
16
16
17
21
19
20
21
26
23
23
27
26
28
29
28
31
31
33
33
35
35
37
38
38
40
41
41
41
43
42
44
47
47
46
48
48
49
49
50
51
51
51
53
53
53
55
55
57
58
61
61
62
62
64
