
;   1200,0;   0,031;   0,545;   0,071;   0,705;0,000400;0,015550
;   16380,0;   9,113;0,016200;2,300100;0,016000;2,674000
;   29040,0;   29,996;0,033000;8,295000
;   29040,0;   33,442;0,030000;7,428000
;   1860,0;   0,107;0,001000;0,044000;0,000900;0,033800
;   544,0;   0,016;0,000120;0,004980
;   84,0;   0,005;0,000010;0,000130
;   144,0;   0,031;0,000020;0,000370
;   220,0;   0,008;0,000030;0,000780
;   312,0;   0,01;0,000040;0,001450
;   420,0;   0,013;0,000080;0,002730
;   544,0;   0,053;0,000130;0,004010
;   684,0;   0,018;0,000180;0,006120
;   840,0;   0,042;0,000150;0,008800
;   1012,0;   0,043;0,000260;0,011570
;   1200,0;   0,035;0,000280;0,014070
;   1404,0;   0,056;0,000370;0,020900
;   1624,0;   0,06;0,000520;0,027130
;   1860,0;   0,076;0,000780;0,035440
;   2112,0;   0,123;0,001020;0,049850
;   2380,0;   0,171;0,001160;0,061690;0,001120;0,035590
;   2664,0;   0,134;0,001220;0,075390
;   2964,0;   0,213;0,001740;0,093100
;   3280,0;   0,223;0,001850;0,062740
;   3612,0;   0,298;0,002190;0,130960
;   3960,0;   0,372;0,002500;0,159280
;   4324,0;   0,566;0,002740;0,188900
;   4704,0;   0,716;0,003150;0,128600;0,002950;0,120750;0,003200;0,124600
;   5100,0;   0,624;0,003450;0,257450
;   5512,0;   0,881;0,003850;0,164300
;   65160,0;   348,09;0,095000;23,964500
;   80400,0;   378,745;0,132500;62,916500
;   97240,0;   916,343
;   104424,0;   1046,851;0,171000;96,897000