4640
1
0.0
0.0
0.0
0.0
0.0
0.0
0.0
0.0
0.0
0.0
0.0
0.0
0.0
0.0
0.0
0.0
0.0
0.0
0.0
0.0
0.0
0.0
0.0
0.0
0.0
0.0
0.0
0.0
0.0
0.0
0.0
0.0
0.0
0.0
0.0
0.0
0.0
0.0
0.0
0.0
0.0
0.0
0.0
0.0
0.0
0.0
0.0
0.0
0.0
0.0
0.0
0.0
0.0
0.0
0.0
0.0
0.0
0.0
0.0
0.0
0.0
0.0
0.0
0.0
0.0
0.0
0.0
0.0
0.0
0.0
0.0
0.0
0.0
0.0
0.0
0.0
0.0
0.0
0.0
0.0
0.0
0.0
0.0
0.0
0.0
0.0
0.0
0.0
0.0
0.0
0.0
0.0
0.0
0.0
0.0
0.0
0.0
0.0
0.0
0.0
0.0
0.0
0.0
0.0
0.0
0.0
0.0
0.0
0.0
0.0
0.0
0.0
0.0
0.0
0.0
0.0
0.0
0.0
0.0
0.0
0.0
0.0
0.0
0.0
0.0
0.0
0.0
0.0
0.0
0.0
0.0
0.0
0.0
0.0
0.0
0.0
0.0
0.0
0.0
0.0
0.0
0.0
0.0
0.0
0.0
0.0
0.0
0.0
0.0
0.0
0.0
0.0
0.0
0.0
0.0
0.0
0.0
0.0
0.0
0.0
0.0
0.0
0.0
0.0
0.0
0.0
0.0
0.0
0.0
0.0
0.0
0.0
0.0
0.0
0.0
0.0
0.0
0.0
0.0
0.0
0.0
0.0
0.0
0.0
0.0
0.0
0.0
0.0
0.0
0.0
0.0
0.0
0.0
0.0
0.0
0.0
0.0
0.0
0.0
0.0
0.0
0.0
0.0
0.0
0.0
0.0
0.0
0.0
0.0
0.0
0.0
0.0
0.0
0.0
0.0
0.0
0.0
0.0
0.0
0.0
0.0
0.0
0.0
0.0
0.0
0.0
0.0
0.0
0.0
0.0
0.0
0.0
0.0
0.0
0.0
0.0
0.0
0.0
0.0
0.0
0.0
0.0
0.0
0.0
0.0
0.0
0.0
0.0
0.0
0.0
0.0
0.0
0.0
0.0
0.0
0.0
0.0
0.0
0.0
0.0
0.0
0.0
0.0
0.0
0.0
0.0
0.0
0.0
0.0
0.0
0.0
0.0
0.0
0.0
0.0
0.0
0.0
0.0
0.0
0.0
0.0
0.0
0.0
0.0
0.0
0.0
0.0
0.0
0.0
0.0
0.0
0.0
0.0
0.0
0.0
0.0
0.0
0.0
0.0
0.0
0.0
0.0
0.0
0.0
0.0
0.0
0.0
0.0
0.0
0.0
0.0
0.0
0.0
0.0
0.0
0.0
0.0
0.0
0.0
0.0
0.0
0.0
0.0
0.0
0.0
0.0
0.0
0.0
0.0
0.0
0.0
0.0
0.0
0.0
0.0
0.0
0.0
0.0
0.0
0.0
0.0
0.0
0.0
0.0
0.0
0.0
0.0
0.0
0.0
0.0
0.0
0.0
0.0
0.0
0.0
0.0
0.0
0.0
0.0
0.0
0.0
0.0
0.0
0.0
0.0
0.0
0.0
0.0
0.0
0.0
0.0
0.0
0.0
0.0
0.0
0.0
0.0
0.0
0.0
0.0
0.0
0.0
0.0
0.0
0.0
0.0
0.0
0.0
0.0
0.0
0.0
0.0
0.0
0.0
0.0
0.0
0.0
0.0
0.0
0.0
0.0
0.0
0.0
0.0
0.0
0.0
0.0
0.0
0.0
0.0
0.0
0.0
0.0
0.0
0.0
0.0
0.0
0.0
0.0
0.0
0.0
0.0
0.0
0.0
0.0
0.0
0.0
0.0
0.0
0.0
0.0
0.0
0.0
0.0
0.0
0.0
0.0
0.0
0.0
0.0
0.0
0.0
0.0
0.0
0.0
0.0
0.0
0.0
0.0
0.0
0.0
0.0
0.0
0.0
0.0
0.0
0.0
0.0
0.0
0.0
0.0
0.0
0.0
0.0
0.0
0.0
0.0
0.0
0.0
0.0
0.0
0.0
0.0
0.0
0.0
0.0
0.0
0.0
0.0
0.0
0.0
0.0
0.0
0.0
0.0
0.0
0.0
0.0
0.0
0.0
0.0
0.0
0.0
0.0
0.0
0.0
0.0
0.0
0.0
0.0
0.0
0.0
0.0
0.0
0.0
0.0
0.0
0.0
0.0
0.0
0.0
0.0
0.0
0.0
0.0
0.0
0.0
0.0
0.0
0.0
0.0
0.0
0.0
0.0
0.0
0.0
0.0
0.0
0.0
0.0
0.0
0.0
0.0
0.0
0.0
0.0
0.0
0.0
0.0
0.0
0.0
0.0
0.0
0.0
0.0
0.0
0.0
0.0
0.0
0.0
0.0
0.0
0.0
0.0
0.0
0.0
0.0
0.0
0.0
0.0
0.0
0.0
0.0
0.0
0.0
0.0
0.0
0.0
0.0
0.0
0.0
0.0
0.0
0.0
0.0
0.0
0.0
0.0
0.0
0.0
0.0
0.0
0.0
0.0
0.0
0.0
0.0
0.0
0.0
0.0
0.0
0.0
0.0
0.0
0.0
0.0
0.0
0.0
0.0
0.0
0.0
0.0
0.0
0.0
0.0
0.0
0.0
0.0
1.0
0.0
1.0
-0.04166782613457966
0.0
0.0
0.0
1.0
0.0
1.0
-0.08601750095512357
0.0
0.0
0.0
1.0
0.0
1.0
-0.133324566311386
0.0
0.0
0.0
1.0
0.0
1.0
0.0
0.0
0.0
1.0
0.0
1.0
0.0
0.0
0.0
1.0
0.0
1.0
0.0
0.0
0.0
1.0
0.0
1.0
0.0
0.0
0.0
0.0
1.0
-0.04556872863193384
-0.046956712247171094
-0.02793383907071236
-0.008176282294648507
0.0
1.0
-0.08201786475619474
-0.08527376899690062
-0.04776527147536506
-0.023520376303233382
0.0
1.0
-0.12548862010311448
-0.13216384325726366
-0.07794641455554417
-0.05164447523173207
0.0
1.0
0.0
1.0
0.0
1.0
0.0
1.0
-0.037795126342351194
-0.05457540841802308
-0.07247564707754961
-0.02575951393341134
-0.03815981050090814
-0.05185813614382078
-0.020475855811885876
-0.030663822817795693
-0.04210121849379983
-0.016121928241037076
-0.02446813645929768
-0.03398375764968605
-0.012668734358702537
-0.01955531501233496
-0.027527533789243292
1.0
0.0
1.0
0.0
0.0
0.0
0.0
1.0
1.0
0.0
1.0
0.0
0.0
0.0
0.0
1.0
1.0
0.0
1.0
0.0
0.0
0.0
0.0
1.0
1.0
0.0
1.0
0.0
0.0
0.0
0.0
1.0
1.0
0.0
1.0
0.0
0.0
0.0
0.0
1.0
1.0
0.0
1.0
0.0
0.0
0.0
0.0
1.0
-0.018061906369313437
-0.029351961785639764
-0.04312771471208587
-0.01601132827924384
-0.026445459154219367
-0.03924499447831183
-0.014471269726658633
-0.02423951649941843
-0.036263902988572586
-0.013343504913573952
-0.02258158498793429
-0.03396883792452966
-0.01538216005669139
-0.027164932688816534
-0.04115614336351973
-0.014683077355847184
-0.025364147826021567
-0.03786803048172664
1.0
0.0
1.0
0.0
0.0
0.0
0.0
1.0
1.0
0.0
1.0
0.0
0.0
0.0
0.0
1.0
1.0
0.0
1.0
0.0
0.0
0.0
0.0
1.0
1.0
0.0
1.0
-0.180117845274891
0.0
0.0
0.0
0.0
1.0
-0.15352420057246433
-0.16533901170815515
-0.09513723504725999
-0.08306540860258224
-0.07090998668824211
-0.056351522233374966
-0.048800639093774474
-0.04221230669874014
-0.03680311112105152
-0.03293216658841037
-0.030611922543969026
-0.02869122661520448
-0.027039480940275508
-0.03297108288693235
-0.0295693687261553
0.0
0.0
1.0
-0.02040816326530612
0.0
0.0
0.0
0.0
0.0
-4.251700680272108E-4
-4.340277777777777E-4
-4.4326241134751767E-4
-2.772848269742679E-5
-1.9089268360405383E-5
-1.024943854444037E-5
-1.2085015627287684E-6
-6.430205202486578E-7
-2.5358024856711664E-7
-4.443857843536568E-8
-1.9787270368914202E-8
-6.668152522631091E-9
-1.4940186811830131E-9
-5.874601492904215E-10
-1.8374492705055106E-10
1.0
0.0
1.0
-0.19984123468824327
0.0
0.0
0.0
0.0
1.0
-0.1451802773980617
-0.15512256649731107
-0.0830269723158186
-0.06940391263822375
-0.05811619451182322
-0.044894220739238405
-0.038289581482959384
-0.03271388572763911
-0.028140918290849266
-0.02479496529780294
-0.02242505162843561
-0.020382240918188157
-0.017687258839912155
-0.017710858561575817
-0.01486434331965846
-0.016763831325136085
-0.026182282287295126
-0.03836526880065882
-0.029409322067460567
-4.769029386883198E-11
-0.01373756483583838
-0.11752720306147262
-0.12875989954266748
-0.16350603831110508
-0.12828806470754922
-1.721037231666317E-11
-0.10047843065174196
0.0
0.0
0.0
0.0
0.0
0.0
0.0
0.0
0.0
0.0
1.0
1.0
0.0
0.0
0.0
0.0
1.0
1.0
0.0
0.0
0.0
0.0
1.0
1.0
0.0
0.0
0.0
0.0
1.0
1.0
0.0
0.0
0.0
0.0
1.0
1.0
0.0
0.0
0.0
0.0
1.0
1.0
0.0
0.0
0.0
0.0
1.0
1.0
0.0
0.0
0.0
0.0
1.0
1.0
0.0
0.0
0.0
0.0
1.0
1.0
0.0
0.0
0.0
0.0
1.0
1.0
0.0
0.0
0.0
0.0
1.0
1.0
0.0
0.0
0.0
0.0
1.0
1.0
0.0
0.0
0.0
0.0
1.0
1.0
0.0
0.0
0.0
0.0
1.0
1.0
0.0
0.0
0.0
0.0
1.0
1.0
0.0
0.0
0.0
0.0
1.0
1.0
0.0
0.0
0.0
0.0
1.0
1.0
0.0
0.0
0.0
-0.13956594260987584
0.0
1.0
1.0
0.0
0.0
0.0
0.0
1.0
1.0
-0.3148964067175932
1.0
0.0
-0.3476979616210367
-0.3483766759941904
-0.34306725508155594
-0.3584206495170148
1.0
0.0
-0.2330287595736663
1.0
0.0
-0.2908529896464563
-0.28368904978385406
-0.2371041831516335
-0.25065686479784477
-0.23178964305104807
1.0
0.0
-0.284760591520634
-0.27934904300988245
-0.2329656036403028
-0.24658737429690578
-0.12582384110536463
1.0
0.0
-0.19877139482475809
-0.18692354017016038
-0.11857066338376822
-0.12958243700872513
-0.3930313487914798
-0.28911907623710875
-0.26301470015389977
-0.12852871657441228
-0.3922396501965094
-0.287570127674198
-0.2615117793355091
-0.12702456823443145
-0.39454381332242705
-0.2911851550874697
-0.2646090827839056
-0.13024300865443988
-0.3947194499808702
-0.29144528180860013
-0.26483485489169495
-0.1304809313662659
-0.39492973994995556
-0.2917735026919452
-0.26512091754149675
-0.1307784315593817
-0.39521780932540834
-0.29223682141234913
-0.2655290681005965
-0.13120052546828184
-0.2950631305823069
0.0
0.0
-0.3385368518309081
-0.35093812143041064
-0.38020537120056597
-0.4323714949688653
0.0
0.0
0.0
0.0
0.0
0.0
0.0
0.0
-0.4434652804536033
-0.4526357241715874
-0.4590617064608751
-0.45938563776252445
-0.45732013003103406
-0.4530334990477225
0.0
0.0
0.0
0.0
0.0
0.0
0.0
0.0
0.0
0.0
-0.39535961147473125
-0.29242962099394915
-0.2657075097887436
-0.13138495868288158
-0.4532109522285548
-0.395412732478871
-0.29252629568453903
-0.2657902968553364
-0.13147042668897005
-0.4509090867509123
-0.39602467215235876
-0.293187196045997
-0.26644698688551677
-0.1321483561464521
-0.4483064433295465
-0.39859524520196254
-0.2958796596011816
-0.2691470331943256
-0.13493560802375534
-0.44556768476239983
-0.39491807855689326
-0.2920631162589053
-0.2650567977373054
-0.13056250121714963
-0.419463845468476
-0.41319480172714107
-0.3208955556166655
-0.28601087291219585
-0.15265281866743358
-0.42012325825882396
0.0
0.0
0.0
0.0
0.0
0.0
0.0
0.0
0.0
0.0
0.0
0.0
-0.4694532131558287
-0.42131558261991586
-0.3670265544298431
-0.23623222715361078
-0.40487239164894834
-0.14583333333333331
-0.14893617021276595
-0.14906832298136646
-0.009451915757421972
-0.003245218890759207
0.0
0.0
0.0
-0.1491417439632975
0.0
0.0
0.0
0.0
0.0
0.0
0.0
0.0
0.0
0.0
0.0
0.0
0.0
0.0
0.0
0.0
0.0
0.0
0.0
0.0
0.0
0.0
0.0
0.0
0.0
0.0
0.0
0.0
0.0
0.0
0.0
0.0
0.0
0.0
0.0
0.0
0.0
0.0
0.0
0.0
0.0
0.0
0.0
0.0
0.0
0.0
0.0
0.0
0.0
0.0
0.0
0.0
0.0
0.0
0.0
0.0
0.0
0.0
0.0
0.0
0.0
0.0
0.0
0.0
0.0
0.0
0.0
0.0
0.0
0.0
0.0
0.0
0.0
0.0
0.0
0.0
0.0
0.0
0.0
0.0
0.0
0.0
0.0
0.0
0.0
0.0
0.0
0.0
0.0
0.0
0.0
0.0
0.0
0.0
0.0
0.0
0.0
0.0
0.0
0.0
0.0
0.0
0.0
0.0
0.0
0.0
0.0
0.0
0.0
0.0
0.0
0.0
0.0
0.0
0.0
0.0
0.0
0.0
0.0
0.0
0.0
0.0
0.0
0.0
0.0
0.0
0.0
0.0
0.0
0.0
0.0
0.0
0.0
0.0
0.0
0.0
0.0
0.0
0.0
0.0
0.0
0.0
0.0
0.0
0.0
1.0
0.0
0.0
0.0
-0.0033144850099469866
0.0
0.0
0.0
-0.05517575747181867
1.0
0.0
-0.07819965362842839
-0.07773215227553704
-0.045568495357897
-0.05350861897401796
-0.08112361679204784
1.0
0.0
-0.11006860965014215
-0.1073882666437419
-0.055850844337749374
-0.0642321111748516
-0.2527662208215914
1.0
0.0
-0.29395894394194866
-0.2890394906967169
-0.22287124396044125
-0.23666952887312903
-0.40927665432599913
1.0
-0.46947290809789366
-0.4611771093072802
-0.40053641399021167
-0.4201460584568373
-0.09986580628284471
-0.1307729302553476
-0.2781275800411678
-0.4187805571200868
-0.09786014789672
-0.12848929337912293
-0.27580430452335525
-0.4170160983211387
-0.100690667405219
-0.13210302879825506
-0.2795631829371868
-0.4203247421019849
-0.10083109360837451
-0.1322857544817348
-0.2797573598126071
-0.42051024230396666
-0.10108124438993134
-0.13260029985954516
-0.28008534585514416
-0.4208009068970338
-0.10149833803079572
-0.13311680257744077
-0.2806208674699518
-0.42126295465793373
-0.10168567972725577
-0.13333438414916385
-0.28084639042666154
-0.4214681620138426
-0.10191539450381742
-0.133594349744052
-0.2811155798619801
-0.4217179974219794
-0.10269134084386228
-0.13441634394397073
-0.28196653399181487
-0.42255665538761605
-0.1054435196243118
-0.1372881179244214
-0.2849391246734804
-0.42552667327877614
-0.10831384434314731
-0.1403511386425421
-0.28811002434150945
-0.42862999539669916
-0.12707623367984955
-0.1696360758348672
-0.3188487328910251
-0.4567793715902279
-0.20691888746820483
-0.2739763977225316
-0.42711242676049904
-0.5450244364778285
-0.21458470803620763
-0.2857733423500568
-0.4393405899433675
-0.5537214072081382
0.0
0.0
0.0
0.0
1.0
-0.46984457020141673
1.0
-0.5684394142351207
-0.48547657968170554
0.0
0.0
0.0
0.0
0.0
0.0
0.0
0.0
-0.4453990980985065
-0.3376040144648439
0.0
0.0
0.0
0.0
0.0
0.0
0.0
0.0
0.0
0.0
0.0
0.0
0.0
0.0
0.0
0.0
0.0
0.0
0.0
0.0
0.0
0.0
0.0
0.0
0.0
0.0
0.0
0.0
0.0
0.0
0.0
0.0
0.0
0.0
0.0
0.0
0.0
0.0
0.0
0.0
0.0
0.0
0.0
0.0
0.0
0.0
0.0
0.0
0.0
0.0
-0.021769163202770662
-4.7346703937102975E-4
0.0
0.0
-9.87264900196912E-6
-2.05769576498575E-7
-2.1014769225149415E-7
-2.1471616262496167E-7
-1.3438021104922872E-8
-9.25122621941627E-9
-4.967186590348072E-9
-5.856764006779115E-10
-3.116271892406056E-10
-1.22892656918701E-10
-2.1536278970136604E-11
-9.589509604684866E-12
0.0
0.0
0.0
0.0
0.0
0.0
0.0
0.0
0.0
0.0
0.0
0.0
0.0
0.0
0.0
0.0
0.0
0.0
0.0
0.0
0.0
0.0
0.0
0.0
0.0
0.0
0.0
0.0
0.0
0.0
-9.872743648940126E-6
-1.996489742637355E-5
-4.7455544787632504E-4
0.0
0.0
0.0
0.0
0.0
-4.5414185409057954E-4
-4.543437049259421E-4
0.0
0.0
0.0
0.0
0.0
0.0
-0.02181819529310187
-0.02275812171223422
1.0
-0.047454389821799024
0.0
0.0
0.0
-0.04670224080696169
-0.04876992233119199
1.0
-0.07643019257507729
0.0
0.0
0.0
-0.07540785274048867
-0.07885483926574986
1.0
-0.11004164106102272
-5.680033412345844E-4
-5.682520487414733E-4
-5.685005710323278E-4
-5.687554912350499E-4
-0.08229751850595049
-0.08657356793099265
1.0
-0.11930945474952982
-0.0011949646062564432
-0.0012204891962615493
-0.0012471545843378228
-0.061342395703620295
1.0
-0.09146879710305497
-0.1135077147164819
-0.14322796040204996
-0.1473947376356113
-0.1475916613239998
-0.0909177602015885
-0.112469065821072
-0.03381885913282374
-0.14342166366071982
-0.04560046814843111
-0.14902356795732769
-0.051641305979563755
-0.1498224124569249
-0.05245486428846846
-0.09106004956318292
-0.03226129233767942
0.0
0.0
0.0
0.0
0.0
0.0
0.0
0.0
0.0
0.0
0.0
0.0
0.0
0.0
0.0
-8.993086445967707E-4
-9.200917969237559E-4
-0.01677592787845342
-0.017605258668580683
0.0
-0.017988003283991937
-0.0018051087598951864
-0.0018504022071105508
-0.021642670197140557
-0.023026179832078345
0.0
-0.02288786664216984
-0.0031612769071167456
-0.0032486318406669892
-0.023081681202319303
-0.02508648828999579
0.0
-0.02413078750663405
-0.0038143438455918986
-0.003916897675077782
-0.020560122379854114
-0.022633383493058344
0.0
-0.021289533939457685
-0.01889771023275453
-0.019381506384156588
-0.004055155108625599
-0.02433379153986302
-0.02502953531426414
-0.006012615060881785
-0.025892116669554845
-0.02671341481695611
-0.007823770405649017
-0.022923927188800052
-0.023666351284438652
-0.00787719583211523
-0.005598485425532071
-0.006944989322784643
-0.007183840938336418
-0.0061346440087136364
-0.003952797687215825
-0.004905285768880608
-0.00507547273804153
-0.004329441663808572
-0.0020462031896614904
-0.0025333262073540972
-0.002621597881699654
-0.0022347876661131137
-0.0013996032790507048
-0.001733154155335747
-0.0017936110430202179
-0.0015284589139809635
-8.918747576229252E-4
-0.0011037805740050093
-0.0011423038696410184
-9.737284437784165E-4
-5.451454078341273E-4
-6.708630119871966E-4
-6.942830252245215E-4
-5.947527576385143E-4
-3.893384920065887E-4
-4.723082538750344E-4
-4.888010083024942E-4
-4.243044875805848E-4
-3.458221509386827E-4
-4.023510180818921E-4
-4.1640826104493643E-4
-3.757369270444718E-4
-7.985861217907099E-4
-9.707796481409759E-4
-0.0010073284374222623
-8.765921915274771E-4
-0.001351417516251518
-0.0016694050183151626
-0.0017391996214471894
-0.001500364618909038
-0.0035396154478975856
-0.004439632581472869
-0.004652417860433081
-0.004006931860475101
0.0
0.0
0.0
0.0
0.0
0.0
0.0
0.0
0.0
0.0
0.0
0.0
0.0
0.0
0.0
0.0
0.0
0.0
-0.0295322501663254
-0.0295322501663254
-0.0295322501663254
-0.0295322501663254
0.0
0.0
0.0
0.0
0.0
0.0
0.0
0.0
0.0
0.0
0.0
0.0
0.0
0.0
0.0
0.0
0.0
0.0
0.0
0.0
0.0
0.0
0.0
0.0
0.0
0.0
0.0
0.0
0.0
0.0
0.0
0.0
0.0
0.0
0.0
0.0
0.0
0.0
0.0
0.0
0.0
0.0
0.0
0.0
0.0
0.0
0.0
0.0
0.0
0.0
0.0
0.0
0.0
0.0
0.0
0.0
-0.0295322501663254
-0.21083244938448184
-0.22583014919365554
-0.060045841882146525
-0.23417848965186724
1.0
-0.2535757385008817
-0.2635896151531582
-0.37368043375400684
-0.4133984862632003
-0.2046681089948149
-0.44301907471926705
1.0
-0.450110823926335
-0.4612650174363852
-0.31000924809600505
-0.26746606256775607
-0.46823948410385147
-0.4306978491058128
-0.27880456173257945
-0.42956861299041
-0.2761664075589324
-0.42686777695912137
-0.27344058349944583
-0.4240709813241373
-0.27276245635956886
-0.42337456878093954
-0.15020633184217763
-0.19402847077424556
-0.06689587549793319
-0.21148548459159766
1.0
-0.24239733238490768
-0.2605715413215646
-0.2588389135221891
-0.2100707885266572
-0.20552031001453755
-0.1983979623844548
-0.1911027926133877
-0.1880620602262304
-0.10983045875284549
-0.16106299108738473
-0.038747704778338915
-0.1895787550016995
1.0
-0.2254703223884911
-0.24516255087490332
-0.24305529556253394
-0.19012133107679502
-0.18345205533723735
-0.16950244535675357
-0.15474119833415573
-0.14413435095353497
-0.07128746177926235
-0.12914285489325525
-0.012304706127011625
-0.16723739033994747
1.0
-0.208046929998737
-0.2290777534692185
-0.22652332376036316
-0.16915671638370045
-0.1601993883680632
-0.13984036090681182
-0.11843753166771401
-0.10158932061987028
-0.2754581108396461
-0.42615026928678185
-0.22880848810093604
-0.1613971890653012
-0.09921168357254173
-0.275156787883448
-0.4258406812540711
-0.22659740667402284
-0.1594144085555892
-0.09756072079680568
-0.27540415306948635
-0.4260954015909718
-0.22625116735410952
-0.1589683652191911
-0.09703479817595
-0.2762002332653227
-0.42691487728852767
-0.22777301763641356
-0.1599849770470281
-0.09746900292282416
-0.276907641813648
-0.4276430602879013
-0.22892046239479652
-0.1609234089039858
-0.09800868883305042
-0.2925542193404838
-0.44406948672383595
-0.24234129184305978
-0.17463920998468538
-0.11140427015703677
0.0
-0.022933184534783428
0.0
0.0
0.0
0.0
0.0
-0.022933184534783428
0.0
0.0
0.0
0.0
0.0
0.0
0.0
0.0
-0.022933184534783428
0.0
0.0
0.0
0.0
0.0
-0.022933184534783428
0.0
-0.015040496961408847
0.0
0.0
0.0
0.0
0.0
0.0
0.0
0.0
0.0
0.0
0.0
0.0
0.0
0.0
0.0
0.0
0.0
0.0
0.0
0.0
0.0
0.0
0.0
0.0
0.0
0.0
0.0
0.0
0.0
0.0
0.0
0.0
0.0
0.0
0.0
0.0
0.0
0.0
0.0
0.0
0.0
0.0
0.0
0.0
0.0
0.0
0.0
0.0
0.0
0.0
0.0
0.0
0.0
0.0
0.0
0.0
0.0
0.0
0.0
0.0
0.0
0.0
0.0
0.0
0.0
0.0
0.0
0.0
0.0
0.0
0.0
0.0
0.0
0.0
0.0
-0.3135008349306465
-0.4660823505167247
-0.2699489485828032
-0.20179912818578594
-0.13687511481796558
-0.31830313523226594
-0.47094125791844255
-0.27037724971741983
-0.2057754543544218
-0.14377813743599738
0.0
0.0
0.0
0.0
0.0
0.0
0.0
0.0
0.0
0.0
0.0
0.0
0.0
-0.022933184534783428
0.0
0.0
0.0
0.0
-0.04476056680995422
-0.055843290049490686
-0.0574456635436045
-0.06244615067539423
0.0
-0.19239187611356365
-0.20946582517834106
-0.21621148725010883
-0.2216699069853798
0.0
-0.0502021979228856
-0.06359714134721947
-0.06576407115245551
-0.06528877099051815
0.0
-0.03971951914085045
-0.034900124151181336
-0.04425574707260365
-0.04574229943942378
-0.045083435033528095
0.0
-0.02705637679643662
-0.019241834695683656
-0.02441400121581771
-0.025216002117716844
-0.024421202705154448
0.0
-0.014281471713992681
0.0
0.0
0.0
-0.047108860492597035
-0.06019516143227513
-0.06208775035701674
-0.07419192359307564
0.0
0.0
0.0
0.0
0.0
0.0
0.0
0.0
0.0
0.0
0.0
0.0
0.0
0.0
0.0
-0.0646797612766353
0.0
0.0
0.0
0.0
0.0
0.0
0.0
0.0
0.0
0.0
0.0
0.0
0.0
0.0
0.0
0.0
0.0
0.0
0.0
0.0
0.0
0.0
0.0
0.0
0.0
0.0
0.0
0.0
0.0
0.0
0.0
0.0
0.0
0.0
0.0
0.0
0.0
0.0
0.0
0.0
0.0
0.0
0.0
0.0
0.0
0.0
0.0
0.0
0.0
0.0
0.0
0.0
0.0
0.0
0.0
0.0
0.0
0.0
0.0
0.0
0.0
0.0
0.0
0.0
0.0
0.0
0.0
0.0
0.0
0.0
0.0
0.0
0.0
0.0
0.0
0.0
0.0
0.0
0.0
0.0
0.0
0.0
0.0
0.0
0.0
0.0
0.0
0.0
0.0
0.0
0.0
0.0
0.0
0.0
0.0
0.0
0.0
0.0
0.0
0.0
0.0
0.0
0.0
0.0
0.0
0.0
0.0
0.0
0.0
0.0
0.0
0.0
0.0
0.0
0.0
0.0
0.0
0.0
0.0
0.0
0.0
0.0
0.0
0.0
0.0
0.0
0.0
0.0
-0.03624086260110795
-0.05286363869252016
-0.05012909108573443
-0.051736265118033135
1.0
-0.003779375853862838
-0.06982387411561664
-0.09302261275218358
-0.14612135689609604
-0.14111833454498918
-0.14781698771628257
1.0
-0.009274300329771282
-0.15679552483692083
-0.18922532708633832
-0.2784941263226409
-0.2740629930710197
-0.2914571380669618
1.0
-0.023642791176384688
-0.27683932550642343
-0.0077291293585962815
-0.006608709634151633
0.0
0.0
0.0
0.0
-0.01879071522357072
-0.01607854462510459
0.0
0.0
0.0
0.0
-0.047374797235072715
-0.04020045432471479
0.0
0.0
0.0
0.0
-0.1263002360118516
-0.0525210251354361
-0.056726242738077595
-0.19093257080988907
-0.10594889109288995
-0.11756239715896427
-0.27949191449533767
-0.18900436887591954
-0.2110737986971911
-0.07420689404507955
-0.12842740710016273
-0.2043594403138403
-0.06981860718238618
-0.12314831978530882
-0.19848483456720592
-0.07143382250798729
-0.12576696647720714
-0.20219372592335808
-0.3733113502292779
-0.3908075948209537
-0.39701920136807917
-0.4065750997430056
1.0
-0.4093385948825472
-0.40774313305603455
-0.38876250987011013
-0.4014603114677908
-0.4006754047493666
-0.39993033852966486
-0.40047053972924845
-0.07293965728434326
-0.12924499816880125
-0.20776978570216192
-0.4008505563168378
-0.07343959343589694
-0.1303664901312747
-0.20956749480356568
-0.4014114921170547
-0.07480213838488621
-0.1328727041510832
-0.21320308230487553
-0.40235234038817874
-0.0767096465595289
-0.1364889834436133
-0.2184355019733581
-0.40367800023590195
-0.07949652994974425
-0.14160682492308851
-0.22571254588110845
-0.4054372856795783
-0.09507058287007175
-0.16081174654790265
-0.24872805914291238
-0.41633772768811134
-0.1214811690828844
-0.19380734175581812
-0.28847584739278676
-0.42978118297885626
-0.15252440130148703
-0.23200896630762763
-0.33426245889106704
-0.44351568636644023
-0.0027043529290034568
-0.00678963509641116
-0.01134647100502463
-0.0027043529290034568
-0.00678963509641116
-0.01134647100502463
-0.0068984069821659425
-0.01663871752001602
-0.0032419222696521335
-0.007341016772893465
-0.011904384906630353
-0.0032419222696521335
-0.007341016772893465
-0.011904384906630353
0.0
0.0
0.0
0.0
0.0
0.0
0.0
0.0
0.0
0.0
0.0
0.0
0.0
0.0
0.0
0.0
0.0
0.0
0.0
0.0
0.0
0.0
0.0
0.0
0.0
0.0
0.0
0.0
0.0
0.0
0.0
0.0
0.0
0.0
0.0
0.0
0.0
0.0
0.0
0.0
0.0
0.0
0.0
0.0
0.0
0.0
0.0
0.0
0.0
0.0
0.0
0.0
0.0
0.0
0.0
0.0
0.0
0.0
0.0
0.0
0.0
0.0
0.0
0.0
0.0
0.0
0.0
0.0
0.0
0.0
0.0
0.0
0.0
0.0
0.0
0.0
0.0
0.0
0.0
0.0
0.0
0.0
0.0
0.0
0.0
0.0
0.0
0.0
0.0
0.0
0.0
0.0
0.0
-2.8754052113812726E-4
-4.301131080886363E-4
-0.006550433295708472
-0.0068429088720941
-0.0069912247335550595
-0.0069750525180697805
-6.651880119612191E-4
-9.811338260979593E-4
-0.007116665577704689
-0.007598273611805441
-0.007754650847319144
-0.06929569474406977
-0.009438762518561492
-9.88081562782439E-4
-0.0014291296532107259
-0.005221317961947516
-0.005744835712566056
-0.005812812159127584
-0.03263854718265606
-0.006370424558762597
-0.0015462885983062679
-0.002217502807171673
-0.006753316994889179
-0.007532718403129061
-0.007604573099943538
-0.03343590904905282
-0.008012987413293132
0.0
0.0
0.0
0.0
-0.0192805555019992
-0.02643547043571379
-0.06787815887428585
-0.08022383743653703
1.0
-0.10896045603662037
-0.01733982446422397
-0.023378640572675972
-0.06465371699618862
-0.07256378663697904
1.0
-0.0958433460345455
-0.02606929293214496
-0.03605861166780009
-0.09818591131272177
-0.1099843457131837
1.0
-0.13088700620679442
-0.0159496706717027
-0.002491909640781963
-0.023356610542351865
-0.0040778074370446185
-0.018174203465721617
-0.0038350611302367956
-0.018753962052166593
-0.004460251599995989
-0.0018091823940054102
-0.001858217436273573
-0.002887023145941031
-0.0029772478672894123
-0.002548089528597916
-0.002626945500166061
-0.00270208898864686
-0.0027918597216860658
-7.362236274887355E-4
-0.0012008618275944876
-0.001056368578939436
-0.001090047035022806
-4.7977165146495917E-4
-7.839232521856959E-4
-6.905937455315865E-4
-7.12702869793774E-4
-3.3709934338130683E-4
-5.513214818271878E-4
-4.864382505885205E-4
-5.020500206040575E-4
-1.886295060480846E-4
-2.986512284338709E-4
-2.665957512059975E-4
-2.751564219345907E-4
-1.6019985668142792E-4
-2.3220595159816973E-4
-2.1189954697115306E-4
-2.1870671482639108E-4
-2.0744423582141837E-4
-2.585471943819945E-4
-2.456715323017634E-4
-2.5356822889611704E-4
-5.593232138498563E-4
-8.497818463469842E-4
-7.626715687256571E-4
-7.887261545959059E-4
-0.001107717237097676
-0.0017783185299298893
-0.0015794391828218189
-0.001638118539083746
-0.002817268433408774
-0.004572982114085767
-0.004017600236104162
-0.004184004253445213
0.0
0.0
0.0
0.0
0.0
0.0
-0.004222264032184601
-0.008716315557643647
-0.013750290427192766
0.0
0.0
0.0
-0.004222264032184601
-0.008721769707141074
-0.007766627809190129
-0.016828994571275218
-0.007831744519786623
-0.01691888308797087
-0.015114720135833044
-0.03259067575654407
0.0
0.0
0.0
0.0
0.0
0.0
0.0
0.0
0.0
0.0
0.0
0.0
0.0
0.0
0.0
0.0
0.0
0.0
-0.008739250387716122
-0.012462679935775635
-0.03307796391293133
-0.03723219512384434
0.0
0.0
0.0
-0.02241413993641882
-0.03111296806898788
-0.07258478164299036
-0.08233002590943284
0.0
0.0
0.0
-0.04025936993289874
-0.05453439389219508
-0.11740602103684193
-0.13395685935590054
-0.0025172740932122564
-0.005208575527586073
-0.0052145499724872675
-0.008195222177522856
-0.054965387710892474
-0.10184011937784375
-0.15045486829110205
1.0
1.0
1.0
-0.1381948846194418
-0.19566422424354707
-0.25310986169151634
-0.13642677922275914
-0.19063044393538953
-0.24500727940307881
-0.13199872480098793
-0.05461078566237585
-0.183407089969596
-0.08909325386969605
-0.2372995558979843
-0.12769698782528052
-0.011291055592722714
-0.009832397964752944
-0.01900984660114058
-0.038850599183412896
-0.17065758464631225
-0.15561180249239967
-0.05948959883773826
-0.008185974400021055
-0.014792754395019802
-0.02944839078711458
-0.009689864453466146
-0.01649102122383899
-0.03134794319820151
-0.13359238208943713
-0.13760912912532575
-0.1258080725110587
-0.04833170524999005
-0.13099732177586687
-0.05395345912972364
-0.054959681446679925
-0.07919039927972539
-0.10251293633648204
-0.057891981101726844
-0.040724102742293836
-0.04200877577598558
-0.04102034976241754
-0.058467514746232054
-0.07515389769677833
-0.026612300073244066
-0.03747190751306804
-0.04780783932211174
-0.041012453986453735
-0.022353140026260553
-0.029444099984180534
-0.030380470763964957
-0.01668381488889023
-0.017186913989585825
0.0
0.0
0.0
0.0
0.0
0.0
0.0
0.0
0.0
0.0
0.0
0.0
0.0
0.0
0.0
0.0
0.0
0.0
-8.149896312356953E-4
-0.0010763102558968825
-0.002278013139161132
-0.003601142252634822
-0.003594421644036077
-0.027630401825671582
-0.029481499990088388
-0.0021415842671673705
-0.0028853092104264497
-0.006055745388789201
-0.009557262862300693
-0.009615427518895112
-0.04165604165017198
-0.04523432440025913
-0.004566962730182706
-0.006238758857701003
-0.011891103904884104
-0.018184485997394712
-0.01845735970607965
-0.05749500879346866
-0.06273018689131471
0.0
0.0
0.0
-0.033596780563240565
-0.0493740343066114
-0.06425528977169252
-0.03274205204216501
-0.03382612210634849
-0.010792795114372047
-0.04878388528539058
-0.05091546760782092
-0.02088993103113281
-0.0654079738267498
-0.06908104295614871
-0.033678068594221164
-0.0012181379011562466
-0.0015156306328181378
-0.002479155921516871
-0.0035501234845206745
-0.0034735542337277583
-0.014531260783571039
-0.015783517318081794
0.0
-0.01675924400293917
-0.016096267773011843
-0.01678830715219469
-0.006221969349311198
-0.01474911907366407
-0.021395828468461987
-0.027883903496084862
-0.011631334750212084
-0.01680281714702659
-0.021857705110880848
-0.0077826526114353365
-0.011294636351752442
-0.014732150535649559
-0.00514394066255458
-0.003846011502752824
-0.002440321558662705
-0.006075396669929166
-0.008864622571570741
-0.011596105649211782
-0.0019154754115084482
-0.004702742382434217
-0.006958678424322205
-0.009166310694199313
-0.001527202660629502
-0.0042279059641139325
-0.006208860046251696
-0.008158747337905514
-0.0013346789658303978
-0.004532502047709123
-0.006528028539677727
-0.008508236029726984
-0.0013359657845984012
-0.005780555298033496
-0.00812781148462579
-0.010486332986037551
-0.0015523850864068642
0.0
0.0
0.0
0.0
0.0
0.0
0.0
0.0
0.0
0.0
0.0
0.0
0.0
0.0
0.0
0.0
0.0
0.0
0.0
0.0
0.0
0.0
0.0
0.0
0.0
0.0
0.0
0.0
0.0
0.0
0.0
0.0
0.0
0.0
0.0
0.0
0.0
0.0
0.0
0.0
0.0
0.0
0.0
0.0
0.0
0.0
0.0
0.0
0.0
0.0
0.0
-0.04191235788205659
-0.02221593209232081
-0.016485351483748755
-0.04191235788205659
-0.02221593209232081
-0.016485351483748755
-0.04191235788205659
-0.02221593209232081
-0.016485351483748755
-0.04191235788205659
-0.02221593209232081
-0.016485351483748755
-0.04191235788205659
-0.02221593209232081
-0.016485351483748755
0.0
0.0
0.0
0.0
0.0
0.0
0.0
0.0
0.0
0.0
0.0
0.0
0.0
0.0
0.0
0.0
0.0
0.0
0.0
0.0
0.0
0.0
0.0
0.0
0.0
0.0
0.0
0.0
0.0
0.0
0.0
0.0
0.0
0.0
0.0
0.0
0.0
0.0
0.0
0.0
0.0
0.0
0.0
0.0
0.0
0.0
0.0
0.0
0.0
0.0
0.0
0.0
0.0
0.0
0.0
0.0
0.0
0.0
0.0
0.0
-0.052368273636934706
-0.054036468430066875
-0.05676798285083824
-0.05868373726206099
-0.07179456309429122
-0.07249044271804304
-0.1310318229790885
-0.13755907299008757
-0.139189145420692
-0.14599009646349254
-0.16849014407766283
-0.16548519394337857
-0.29350498713424705
-0.3111753893284097
-0.31952717844451584
-0.3374432016357426
-0.35818077970739176
-0.3392861453818385
1.0
1.0
1.0
-0.042847594869349324
-0.05006612234575884
-0.04722004400461463
-0.09092449657109372
-0.10236023561373589
-0.09666667166670931
-0.1606977857164707
-0.16220640366796393
-0.25814919275300374
-0.2675006467861218
-0.41683990002602134
-0.4320553073195008
-0.17963934408613913
-0.11077314689398503
-0.28270919582834486
-0.2089114663810674
-0.44267132040877016
-0.3758154004598877
-0.12966970154650218
-0.2212454015423752
-0.37264199699591366
-0.12454604412155325
-0.21476579706958107
-0.3659777231503321
-0.11917337412715279
-0.20805498832359445
-0.3590461417271946
-0.11802879797311545
-0.20683292005604628
-0.35778843757677575
-0.11752905499070457
-0.20669336132129162
-0.3576541271807589
-0.11802397191450592
-0.20806947631110378
-0.3590991079680899
-0.13428445491257618
-0.22658110081009292
-0.37892273548943345
-0.1110143033514537
-0.11803458094372828
-0.1122884804844176
-0.12058491181406093
-0.1666581304721105
-0.03855885208957691
-0.17943349085930527
1.0
-0.043841480565729
-0.04773602707378117
-0.04441292832975354
-0.039845826728032864
0.0
-0.029690774801918722
-0.21296985138801472
-0.23132578017804212
-0.22900430471495656
-0.1740290073287406
-0.1681769741684364
-0.1595281477004317
-0.15075557983755164
-0.14735083849914496
-0.1447088075561874
-0.14307249429778587
-0.14546219589149142
-0.08875189873722936
-0.0955858430836474
-0.09279422542524116
-0.10485913949433177
-0.15357853348378975
-0.027685895513861053
-0.16949129367431018
1.0
-0.029287375224652794
-0.03258084407044693
-0.030897433478285195
-0.027825002853253126
0.0
-0.019406758840974335
-0.20477123923890783
-0.22375342386639774
-0.22140831090968624
-0.16461465564097907
-0.1580948342456176
-0.14828839873713584
-0.1379736524476208
-0.13307589989458155
-0.1254009426926485
-0.11842602964031358
-0.11814571637278315
-0.0669690257981282
-0.07385760366913918
-0.07442470791941745
-0.09035626565659813
-0.14166276733978955
-0.02129125329415071
-0.1608877329769171
1.0
-0.01875971064960153
-0.022378003194559466
-0.022031713499569637
-0.021431289782440063
0.0
-0.015395477442253416
-0.19789486700691855
-0.217139258313892
-0.2146814253436189
-0.15618600044214243
-0.14888763477284242
-0.13784334762524567
-0.12590215875507563
-0.11939402142992467
-0.10663216857097758
-0.09442231014111387
-0.091619808665283
-0.15749383364097191
-0.2539553546317377
-0.408440808177362
-0.21016586887076225
-0.15591555354042988
-0.1072336305412332
-0.185489353791064
-0.2866745688671679
-0.4442740678136537
-0.22962423104093152
-0.17693559396179465
-0.1281576586655129
0.0
0.0
0.0
0.0
-0.05229991858831618
-0.04582281040611989
-0.05229991858831618
-0.04582281040611989
-0.05229991858831618
-0.04582281040611989
-0.05229991858831618
-0.04582281040611989
0.0
0.0
0.0
0.0
0.0
0.0
0.0
0.0
0.0
0.0
0.0
0.0
0.0
0.0
0.0
0.0
0.0
0.0
0.0
0.0
0.0
0.0
0.0
0.0
0.0
0.0
0.0
0.0
0.0
0.0
0.0
0.0
0.0
0.0
0.0
0.0
-0.05229991858831618
-0.04582281040611989
0.0
0.0
0.0
0.0
0.0
0.0
0.0
0.0
0.0
0.0
0.0
0.0
0.0
0.0
0.0
0.0
0.0
0.0
0.0
0.0
0.0
0.0
0.0
0.0
0.0
0.0
0.0
0.0
0.0
0.0
0.0
0.0
0.0
0.0
0.0
0.0
0.0
0.0
0.0
0.0
0.0
0.0
0.0
0.0
0.0
0.0
0.0
0.0
0.0
0.0
0.0
0.0
0.0
0.0
0.0
0.0
0.0
0.0
0.0
0.0
0.0
0.0
0.0
-0.02575837046593428
-0.03795262027242918
-0.04950231378700516
-0.053490759131006385
-0.0744092097327251
-0.09490364456042448
-0.02692689502347716
-0.03898210751453741
-0.050676190727658166
-0.026217585501469572
-0.017793959504902493
-0.018360348309036174
-0.01944079843680739
-0.027864765617306702
-0.03597225071355664
-0.01785144601200147
-0.012066515417627254
-0.012441476476472419
-0.013464706301455336
-0.019008941523970098
-0.02429811750230063
-0.014338652126781497
-0.009845901756715923
-0.010165793287324846
0.0
0.0
0.0
-0.024309979831091948
-0.03347774148973445
-0.04214294278086556
-0.05220262585361106
0.0
0.0
0.0
0.0
0.0
0.0
0.0
0.0
0.0
0.0
0.0
0.0
0.0
0.0
0.0
0.0
0.0
0.0
-0.05737657282677573
-0.053264219229039705
0.0
0.0
0.0
0.0
0.0
0.0
0.0
0.0
0.0
0.0
0.0
0.0
0.0
0.0
0.0
0.0
0.0
0.0
0.0
0.0
0.0
0.0
0.0
0.0
0.0
0.0
0.0
0.0
0.0
0.0
0.0
0.0
0.0
0.0
0.0
0.0
0.0
0.0
0.0
0.0
0.0
0.0
0.0
0.0
0.0
0.0
0.0
0.0
0.0
0.0
0.0
0.0
0.0
0.0
0.0
0.0
0.0
0.0
0.0
0.0
0.0
0.0
0.0
0.0
0.0
0.0
0.0
0.0
0.0
0.0
0.0
0.0
0.0
0.0
0.0
0.0
0.0
0.0
0.0
0.0
0.0
0.0
0.0
0.0
0.0
0.0
0.0
0.0
0.0
0.0
0.0
0.0
0.0
0.0
0.0
0.0
0.0
0.0
0.0
0.0
0.0
0.0
0.0
0.0
0.0
0.0
0.0
0.0
0.0
0.0
0.0
0.0
0.0
0.0
0.0
0.0
0.0
-0.024501173427900747
-0.02450117342790075
0.0
-0.024501173427900747
-0.02450117342790075
0.0
-0.024501173427900747
-0.02450117342790075
0.0
-0.024501173427900747
-0.02450117342790075
0.0
-0.024501173427900747
-0.02450117342790075
0.0
0.0
0.0
0.0
0.0
0.0
0.0
0.0
0.0
0.0
0.0
0.0
0.0
0.0
0.0
0.0
0.0
0.0
0.0
0.0
0.0
0.0
0.0
0.0
0.0
0.0
0.0
0.0
0.0
0.0
0.0
0.0
0.0
0.0
0.0
0.0
0.0
0.0
0.0
0.0
0.0
0.0
0.0
0.0
0.0
0.0
0.0
0.0
0.0
0.0
0.0
0.0
-0.025883981164754634
-0.028248514045514192
-0.030233849334755487
-0.03225567829553324
-0.04924215734248523
-0.04715070392424705
-0.04811895473636671
-0.06614925238730598
-0.07331195008182348
-0.07958853131724053
-0.08601723954436401
-0.1184432603933513
-0.11228480038981699
-0.11332710680512911
-0.13014728464851874
-0.14736238250543812
-0.16327558810891685
-0.17972928744983308
-0.22642017385272495
-0.21440183314749767
-0.21293721111047362
1.0
1.0
1.0
-0.020661007552601616
-0.026205703399688696
-0.1277921769000392
-0.18697517207566972
-0.2566866037275796
-0.03408096137781414
-0.03194792171544727
0.0
-0.018326670772729713
-0.012978781302040714
-0.013465541145749094
-0.04314408265742902
-0.0415885630203147
0.0
-0.025747005982541198
-0.018455638987717262
-0.019232441620002216
-0.12241799614450849
-0.04751160431394834
-0.04935895927801341
-0.18156627443156148
-0.09413800428787292
-0.10201123298598556
-0.256235379649448
-0.16059088803179977
-0.1782882745877976
-0.037925972122873616
-0.04072650434653396
-0.03674382637596025
-0.045486165214702445
-0.04892390067538711
-0.04416322934180098
0.0
0.0
0.0
0.0
0.0
0.0
-0.06372032245858922
-0.10981033263620166
-0.169913100083486
-0.05835366603331355
-0.1033903775014404
-0.1628592086764071
-0.05964749948731504
-0.10599712763746288
-0.16713708863471333
-0.059780061919258005
-0.10702631000875425
-0.16921666150177198
-0.06119444093732018
-0.11004502555615378
-0.1739529833099241
-0.07282789400741582
-0.12452805321680269
-0.19173532731069096
-0.35144753134369533
-0.360258797936726
-0.36933822487577217
-0.37866155305362037
-0.3909218409617516
-0.401321720508386
-0.40217027051063897
-0.24722607699316626
-0.263750605415648
-0.28061331433508135
-0.29761567405554595
-0.30224400627361386
-0.3039156137191686
-0.29512265552993017
-0.138091120582781
-0.1607808525311371
-0.18351883368521882
-0.20593447259273487
-0.20430036488037145
-0.19845510527829435
-0.18107374338134177
1.0
1.0
1.0
-0.46682958730438723
-0.33555577747417314
-0.20123655070765717
-0.46052751772740025
-0.39976970182877813
-0.40073877284880355
-0.34999939832174987
-0.2876084876726323
-0.28650064209380555
-0.23281496867985757
-0.16813938152816843
-0.16425227645421311
-0.4251438291227388
-0.29536842273043534
-0.16188834205649708
-0.42311102149815966
-0.29333577038851105
-0.1598374425897614
-0.42510974886583647
-0.29542534126299075
-0.1620151761701175
-0.4260661678628976
-0.2964193533754316
-0.1630468698560936
-0.42785040546129727
-0.29826661368814117
-0.16495895611561193
-0.44993680127322333
-0.3218748614839955
-0.1899617514606571
-0.09079455734343207
-0.1476581145234689
-0.2209716927523675
-0.47882264127791707
-0.35299629117384485
-0.2231575822643536
-0.11458993366699442
-0.17774165259025876
-0.25848201002220145
-0.5163928157114209
-0.3938528626042887
-0.2671262912252509
0.0
0.0
0.0
0.0
0.0
0.0
-0.006916730130405111
-0.007846910223853793
-0.009863870365736075
-0.006916730130405111
-0.007846910223853793
-0.009863870365736075
-0.006916730130405111
-0.007846910223853793
-0.009863870365736075
-0.006916730130405111
-0.007846910223853793
-0.009863870365736075
-0.023961055738036467
-0.028836531326481535
-0.03267936083488871
-0.03913578342104854
-0.0364775741914598
-0.043306371184609845
-0.00835504006661389
-0.009291275763862331
-0.011197090060531963
0.0
0.0
0.0
0.0
0.0
0.0
0.0
0.0
0.0
0.0
0.0
0.0
0.0
0.0
0.0
0.0
0.0
0.0
0.0
0.0
0.0
0.0
0.0
0.0
0.0
0.0
0.0
0.0
0.0
0.0
0.0
0.0
0.0
0.0
0.0
0.0
-3.318562203902658E-4
-5.093692463236301E-4
-0.0013102071102684795
-0.002165691336273808
-0.0030133919570396184
-0.023786723213634085
-0.025070847411509306
-5.421136741366924E-4
-8.44431683584485E-4
-0.0021956214618154787
-0.0036331738692023945
-0.004536109768132409
-0.02532509514192807
-0.026641260559937596
-0.02697724857248185
-0.027708599188989852
-0.02667022514739063
-0.027350008700413018
0.0
0.0
-0.023827970517673172
-0.003681896137996987
-0.024500204472155437
-0.004404324532315875
-0.0014648278581641788
-0.0021875113524356493
-0.004042984654446387
-0.006085446904199012
-0.008064057991471096
-0.019023507240391833
-0.021047674618122927
-0.02095172209986839
-0.11420906436788908
-0.023905573909319
0.0
-0.03935780612138806
-0.051154051686825776
-0.11222642650527034
-0.13058542264886716
1.0
-0.16194892920807352
-0.024583981100393365
-0.0077850636799428885
-0.0022157305179124807
-0.0032897756184277387
-0.005682740359885292
-0.008324743475096428
-0.010796469159098956
-0.02297767275525095
-0.025372344794047024
-0.025068742723584853
-0.1197434499522713
-0.027793864890607055
0.0
-0.041829747588945525
-0.05518785490657723
-0.11680241469319441
-0.13341821312010393
1.0
-0.1569643930992036
-0.02728855188648088
-0.009025774608630445
-0.003058765224850676
-0.004575304479802151
-0.0076291132623383835
-0.01101653378774045
-0.014059591539813716
-0.027563496115416673
-0.03036341256816368
-0.029795525734191707
-0.12573731468227953
-0.03215662601821934
0.0
-0.04427710827198867
-0.059293889174032395
-0.12156465882190354
-0.1359295703312379
1.0
-0.1510269929894925
-0.030023255399464682
-0.010165520245100541
-0.02912651297416943
-0.04531087316513207
-0.07593851670818726
-0.2309716436990636
-0.20874565772728895
-0.09679728384215534
-0.02614858242494384
-0.04005084473635528
-0.06571703581371968
-0.20051627750784665
-0.18128247234893452
-0.08741345337088909
-0.02240587051512932
-0.03382782852498807
-0.05440109744233999
-0.1672130477966112
-0.1510719751292835
-0.07532202713598947
-0.002956597414874817
-0.0030786432647275544
-0.0031174932236100136
-0.003250042018381755
-0.0013086937507306579
-0.0013458127502533252
-0.010631871941496784
-0.011274264503493812
-0.005592337912463886
-0.009244918545486295
-0.009757496889757416
-0.005063210535120153
-0.007646515055628373
-0.008005492598014344
-0.004285888164725353
-9.946484906927385E-4
-0.0010229130577974104
-8.211551511311095E-4
-8.445148726194606E-4
-0.005334438191260455
-0.004473192500151114
-0.004554041415303438
-0.003751407527838416
-0.003622461179942457
-0.002888983673921004
-7.566480521046189E-4
-7.790674021248457E-4
-0.0047576313002304655
-0.003926665930519624
-0.002985596493683962
-9.194764998427828E-4
-9.481041169556129E-4
-0.005960903434954709
-0.005043778713094987
-0.003970534515955145
-0.0013393151826542088
-0.001383544577958018
-0.008536455237729876
-0.00741605540591481
-0.0060471102898720566
-0.008724848464341408
-0.009791120396686814
-0.018659230138004346
-0.02096037302155757
-0.02824075150712247
-0.03178623806661242
-0.004717072969498916
-0.0013112233156605954
-0.0024801031743012154
-0.01003451923858465
-0.013827948610905144
-0.02130418037480639
-0.02965380815491831
-0.010704893984926979
0.0
0.0
-0.016219054140784905
-0.02016716723783132
-0.028805966083425765
-0.038489464660325066
-0.01943530747508137
0.0
0.0
-0.030421422535444283
-0.03730133385835144
-0.05230325514803325
-0.06935492257722782
-0.04543784700750701
-0.05513986483495464
-0.0883728649447677
-0.08854448553718222
-0.09962448273752544
-0.1540040897700883
-0.10213013862887274
-0.11532950137548682
-0.17579226425098154
-0.11377571395420645
-0.12877501370355446
-0.1938841749282947
1.0
1.0
1.0
-0.19658674236532186
-0.21978270081091864
-0.29372390949189714
-0.18995908106250867
-0.21396556850729542
-0.2842204910920005
-0.1800403379977247
-0.08492611886986451
-0.20670846636788212
-0.11550290966791849
-0.27694982882700303
-0.17358944807744925
-0.08229859915177175
-0.10717465973309537
-0.14751281772441685
-0.06407688556258305
-0.08716815290029362
-0.12053768532967238
-0.04778476170470237
-0.06914008736861463
-0.09617567589460689
-0.023547416189147678
-0.029706676264705106
-0.04111313749482791
-0.10601063935365043
-0.07734586197604115
-0.0513588329724213
-0.0215797162436755
-0.026083024931308454
-0.03573026250450412
-0.01958226693059864
-0.02111003066238786
-0.029306010069249513
-0.0921286108494996
-0.09130527237075788
-0.07127399595787322
-0.05042639587015452
-0.07102888768709464
-0.050321457487302726
-0.04468527385920486
-0.05853255814193508
-0.08100586831928573
-0.05800259541571262
-0.04788032302232629
-0.045804984726653473
-0.038515122639474
-0.048596922659988794
-0.06702696152134842
-0.05587321087035952
-0.0472054669763645
-0.04538810855422719
-0.0018505032292805586
-0.0018057710592094712
-0.001983266308376045
-0.002383534136930154
-0.0027572520313351844
-0.004342188417116652
-0.006104889223053678
-0.004528726738344793
-0.004543455724433775
-0.005099160191163049
-0.006204881751560248
-0.0070705129686293704
-0.010424355955193946
-0.014173068781662327
-0.00849764281565458
-0.008896744237065412
-0.010261971080744732
-0.012627581976993273
-0.014224302735082342
-0.01955451690234643
-0.025478749720956623
-0.009175243804140233
-0.01681477180173203
-0.025647111620438954
-0.03934645623919507
-0.05756757696336121
-0.07775643612733592
-0.04511589800370863
-0.06574708747682362
-0.08845465008935688
0.0
0.0
0.0
-0.04381517399361319
-0.06599376530262532
-0.09038364575360362
-0.042743453315320264
-0.04444704167924956
-0.016327439372453543
-0.06544433723505569
-0.06898768836325561
-0.032744014968488645
-0.09239905462125793
-0.0988342391142027
-0.055502386258780935
-0.022592872412450563
-0.03455918413068422
-0.04814921011344677
-0.019019370662342685
-0.02915373693107393
-0.04066775589443674
-0.01519015441284499
-0.023253738504672578
-0.03246189167412133
-5.293046489653846E-4
-5.192496097373524E-4
-5.671398907325934E-4
-6.735040707281691E-4
-7.698872395600821E-4
-0.0016238215230867607
-0.002538890102519947
-5.954147035547865E-4
-6.099716062712691E-4
-7.001563491815784E-4
-8.679413147425843E-4
-9.591265759344838E-4
-0.0018053037442963464
-0.002709449347542679
-6.92126043820753E-4
-7.431985131922336E-4
-8.877109192920496E-4
-0.0011292343944778998
-0.0012154058333765099
-0.002050665007720018
-0.002937228063381832
-0.0028603466316172083
-0.0029474074509180394
-0.003039934411662836
-0.0323776586715789
-0.03334236010166062
-0.03436631407788418
-0.035909413924100526
-0.03696999822204193
-0.03809513786173263
0.0
0.0
0.0
-0.036231098207104566
-0.03713009741731728
-0.03807484537175457
-0.03555113933095142
-0.036596729798794206
-0.008217528380165103
-0.03759450908133383
-0.038791504044290354
-0.010562535147332592
-0.039991874521721094
-0.04137844178366573
-0.013341058162478053
-0.009769558559906213
-0.010070225930075715
-0.010389987588197883
-0.006932091168439218
-0.007146540616607776
-0.007374681942889163
-0.003797882607778807
-0.003922681771951491
-0.004055961457526603
-0.014382901571393414
-0.02164164692493415
-0.029967493162765087
-0.014638682553001103
-0.02149726205379598
-0.029409175287504394
-0.0029489150019439835
-0.0030537814828924172
-0.0031663812909942563
-0.0023780069108968803
-0.0024715856966681916
-0.0025728311619468316
0.0
0.0
0.0
0.0
0.0
0.0
0.0
0.0
0.0
0.0
0.0
0.0
0.0
0.0
0.0
-0.018220360679393165
-0.015474866720845686
-0.01354922919442743
-0.018220360679393165
-0.015474866720845686
-0.01354922919442743
-0.018220360679393165
-0.015474866720845686
-0.01354922919442743
-0.018220360679393165
-0.015474866720845686
-0.01354922919442743
-0.018220360679393165
-0.015474866720845686
-0.01354922919442743
0.0
0.0
0.0
0.0
0.0
0.0
0.0
0.0
0.0
0.0
0.0
0.0
0.0
0.0
0.0
0.0
0.0
0.0
0.0
0.0
0.0
0.0
0.0
0.0
0.0
0.0
-0.02317058754007049
-0.02317058754007049
-0.02317058754007049
-0.02317058754007049
-0.02317058754007049
0.0
0.0
0.0
0.0
0.0
0.0
0.0
0.0
0.0
0.0
0.0
0.0
0.0
0.0
0.0
-0.12490594620667882
-0.1289524033204151
-0.1326402724396463
-0.1374444656507147
-0.14487930634925966
-0.14571743193406386
-0.1542257883491542
-0.1563869376891472
-0.16748107752687422
-0.17803949873441963
-0.18954202523592126
-0.19488419363668308
-0.19173732477233837
-0.1939207002748741
-0.2299223182846349
-0.25433115759968344
-0.2785747791924464
-0.30445457903163
-0.3106765214992614
-0.300624540361166
-0.29419943662655174
-0.3014102461271701
-0.3216786195813942
-0.3606928970289345
-0.2909542452019908
-0.3042415870860872
-0.33841945094138426
1.0
1.0
1.0
-0.35566523459327926
-0.3762525721960395
-0.3823770257810349
-0.40426734881201265
-0.4303121608859911
-0.458615806360872
-0.07678941212483194
-0.09450242679575944
-0.11110789583166765
-0.10059542542360476
-0.12270580104624364
-0.14385038825246324
-0.40579238306819715
-0.30602673811639264
-0.43750496657211735
-0.3412016436356826
-0.4937607583422394
-0.4082374920528114
-0.3495765481257342
-0.3709573550499864
-0.41665874617799026
-0.35120293744848596
-0.3740180577612727
-0.42084803835169904
-0.3571465527519779
-0.381841213550163
-0.42982925917469184
-0.39993768818844067
-0.4307696476979034
-0.4838759127941719
-0.4676731016394187
-0.5098077787796923
-0.5729769482809283
-0.5795891267724416
-0.6446805173404933
-0.7307415771580887
0.0
0.0
0.0
0.0
0.0
0.0
0.0
0.0
0.0
0.0
0.0
0.0
0.0
0.0
0.0
-0.06650425850266418
-0.06812861296749023
-0.06838413462148797
-0.06650425850266418
-0.06812861296749023
-0.06838413462148797
-0.06650425850266418
-0.06812861296749023
-0.06838413462148797
-0.06650425850266418
-0.06812861296749023
-0.06838413462148797
-0.06650425850266418
-0.06812861296749023
-0.06838413462148797
0.0
0.0
0.0
0.0
0.0
0.0
0.0
0.0
0.0
0.0
0.0
0.0
0.0
0.0
0.0
0.0
0.0
0.0
0.0
0.0
0.0
0.0
0.0
0.0
0.0
0.0
0.0
0.0
0.0
0.0
0.0
0.0
0.0
0.0
0.0
0.0
0.0
0.0
0.0
0.0
0.0
0.0
-0.039448991765651774
-0.039448991765651774
-0.039448991765651774
-0.039448991765651774
-0.039448991765651774
0.0
0.0
0.0
0.0
0.0
0.0
0.0
0.0
0.0
0.0
0.0
0.0
0.0
0.0
0.0
0.0
0.0
0.0
0.0
0.0
0.0
0.0
0.0
0.0
0.0
0.0
0.0
0.0
0.0
0.0
0.0
0.0
0.0
0.0
0.0
0.0
0.0
0.0
0.0
0.0
0.0
0.0
0.0
0.0
0.0
0.0
0.0
0.0
0.0
0.0
0.0
0.0
0.0
0.0
0.0
0.0
0.0
0.0
0.0
0.0
0.0
-0.0567940184955523
-0.07262025149939462
-0.10094351158115307
-0.0720642021818883
-0.09079782914301102
-0.1238446054544296
0.0
0.0
0.0
0.0
0.0
0.0
0.0
0.0
0.0
0.0
0.0
0.0
0.0
0.0
0.0
0.0
0.0
0.0
0.0
0.0
0.0
0.0
0.0
0.0
0.0
0.0
0.0
0.0
0.0
0.0
0.0
0.0
0.0
0.0
0.0
0.0
0.0
0.0
0.0
0.0
-0.039072933492655046
0.0
0.0
-0.039072933492655046
0.0
0.0
-0.039072933492655046
0.0
0.0
-0.039072933492655046
0.0
0.0
-0.039072933492655046
0.0
0.0
0.0
0.0
0.0
0.0
0.0
0.0
0.0
0.0
0.0
0.0
0.0
0.0
0.0
0.0
0.0
0.0
0.0
0.0
0.0
0.0
-0.03988220708731817
-0.03988220708731817
-0.03988220708731817
-0.03988220708731817
-0.03988220708731817
0.0
0.0
0.0
0.0
0.0
0.0
0.0
0.0
0.0
0.0
0.0
0.0
-0.12027538858903651
-0.124947426246185
-0.13005742777140056
-0.13555447113444452
-0.14120247029727706
-0.14612848010059143
-0.15086234314099345
-0.10734404628961791
-0.11670935495152938
-0.1267006095167908
-0.1372147809782624
-0.14222238109693938
-0.14539481185126266
-0.1473339423776108
-0.12837272805808328
-0.14534080170348188
-0.1635550362484471
-0.18289034957663552
-0.18978608655589227
-0.19266148013038722
-0.19220099402324553
-0.23840518122402315
-0.23128132726446646
-0.24848510524239587
-0.250106052238651
-0.2442561289403697
-0.2587051350188953
-0.2575310445306637
-0.25181337412109256
-0.2660369492784701
1.0
1.0
1.0
-0.2831072851055024
-0.27333643252633266
-0.28203178013491437
-0.2697546441002322
-0.17398893167093757
-0.17692095227676907
-0.26890519466769375
-0.17066894122594192
-0.17380691851498112
-0.2889684237213427
-0.19435942114286148
-0.20322853081501996
-0.19955205126541448
-0.1858037700509306
-0.19794689255546036
-0.19625158238748092
-0.1833667004896135
-0.1966820158011132
-0.2172254012478675
-0.20812626081080493
-0.22521496682046022
-0.24444955792751633
-0.2406076753787262
-0.26269726833598994
-0.2856730582410149
-0.2904999548723433
-0.3210037039600909
-0.37442614273971925
-0.4028245962466711
-0.43386814304568694
-0.4670082909157292
-0.49782557017013385
-0.5223896463070274
-0.5428533942041106
-0.6152020630342615
-0.5868166889120604
-0.5805395275790266
1.0
-0.5110971984838164
-0.4948653251813761
-0.43822845133200394
-0.5038896485375038
-0.5231865533265215
-0.5522271904859919
-0.6104729116302993
-0.6735301109645291
-0.7513747056697975
-2.6276113398879925E-4
-3.0000250889407353E-4
-4.316039140023323E-4
-6.572533006442737E-4
-9.688065973454113E-4
-0.0023976252660378784
-0.003920674886747373
-5.835894357497053E-4
-6.922905564488927E-4
-0.0010201112960299993
-0.001570130506060555
-0.0022062163112969843
-0.004879323602147323
-0.00774475252303638
-7.953647427171285E-4
-0.001004746593265916
-0.0014898825464128643
-0.0022588556699966503
-0.002919383023079
-0.0055998916518243454
-0.008451468974560726
-0.006426312924745462
-0.011448315808688447
-0.011895559708601752
-0.04610797485674582
-0.060650905336441595
-0.06293141213239396
-0.05208919867810614
-0.06837481445747462
-0.07091538587704788
-0.0564560398405103
-0.07295460488650257
-0.07553920383058099
-0.055291622735256035
-0.07113170969342142
-0.07334940454673698
0.0
0.0
0.0
-0.04724085544697792
-0.009410801812224664
-0.06024192371432242
-0.014839967163016863
-0.062477074725398526
-0.01728939035629111
-0.007420893708524456
-0.0076933677794877855
-0.01015904632972093
-0.010641904084247637
-0.010886441663812644
-0.011437487964377584
-0.0041095726540897794
-0.005554039050824426
-0.005783281136511141
-0.0037055232067942008
-0.004220554900028802
-0.005269109304285585
-0.00683496271977673
-0.00879086427806899
-0.012694142362498528
-0.016907843673429943
-0.020844111738081844
-0.043170210698279525
-0.0469062554313967
-0.045986169309560086
-0.2509224626786742
-0.052279865519002475
0.0
-0.12693791468937385
-0.1566160939062784
-0.2563617805560835
-0.2954704667945158
1.0
-0.3334005078684579
-0.054310340718686484
-0.01876752557767618
-0.08801395166946684
-0.11345336872343824
-0.15409231620056796
-0.32028175788557395
-0.2996379191058651
-0.20345836913610377
-0.013027974087976641
-0.014267445338730231
-0.009490262233067127
-0.005175199663833455
-0.005949206818798117
-0.007617373536577379
-0.009980464477874701
-0.012683038393124598
-0.018000946487695357
-0.023689712340588594
-0.02895348411044731
-0.05894226583581851
-0.06389225322480287
-0.06252229191276457
-0.371785040867355
-0.07277647564513925
0.0
-0.22592402393199923
-0.27752525780130594
-0.3988735915853021
-0.45553569670266825
1.0
-0.4957909372807493
-0.08028941629155668
-0.027697998574589718
-0.1779907690721719
-0.23554992130867408
-0.3153495099035904
-0.4764617104236855
-0.4388791205927707
-0.3406598051644087
-0.019749088693887105
-0.021350829305545042
-0.013967790169112917
-0.007453931967477499
-0.00872381349529388
-0.011702442178324687
-0.0157434969817048
-0.019967170939309303
-0.028344324897453
-0.03723348255663833
-0.04542024622900183
-0.09387385606106609
-0.1016368670914126
-0.0995406217881877
-0.09327484282863935
0.0
-0.07476844542753944
-0.028775870094603383
-0.018887160707145675
-0.02007456678189862
-0.013304615205634288
-0.13478658944343075
-0.1650729402963776
-0.21099777922116042
-0.29243834923872
-0.25022232100246855
-0.2168087645788868
-0.19938542498641004
-0.23268314083340333
-0.287910067239687
-0.3688236816707446
-0.3394934360056011
-0.3259937496769016
-0.004506017605581366
-0.006149445079489718
-0.006429570223395279
-0.004500736985290885
-0.006083805846681158
-0.006398104194454136
-0.024362019742562857
-0.025269179943351237
-0.021092694894728467
-0.021778278925714923
-0.017000623284952464
-0.017450919152882195
-0.31728585758996103
-0.3336568257147847
-0.3956114386559801
-0.43009125261527326
-0.011108832549156226
-0.009093417325349872
-0.007656910839745737
-0.006872072580083032
-0.006543659691575352
-0.006987708080684518
-0.008206667063827729
-0.019368449266774373
-0.017084259076695172
-0.01553534908414974
-0.014847724593195204
-0.014156798298226985
-0.01444780350829703
-0.015716638255120985
-0.03161146771220926
-0.029513055882465833
-0.028408889206727045
-0.02849258877070954
-0.027523883316350632
-0.02765836574680175
-0.028875557996132745
-0.015413494330079729
-0.022532089860904297
-0.03148743649120101
-0.022691937239058522
-0.030969189430367357
-0.04090132330746124
-0.03131197461127744
-0.04100064104128211
-0.052176150647644866
-0.03265575866491898
-0.04177340772357621
-0.05195995637756233
-0.13260516612881046
-0.14710163578250807
-0.1619373988438512
-0.15126433145115517
-0.16770894401049755
-0.1838046843990994
0.0
0.0
0.0
-0.1497369587781588
-0.1659995770786021
-0.18232133550441454
-0.14499325171616012
-0.1521467186909933
-0.06262841060467542
-0.16797823797469044
-0.17827552167568153
-0.08993875002968651
-0.19433689593134656
-0.20910481052732602
-0.1246096594408133
-0.08172262662418402
-0.10048387022131702
-0.11992417545780314
-0.07911862873342466
-0.0987722980157951
-0.11938191432921304
-0.06273588335987249
-0.05862539748508494
-0.05617960997267102
-0.0556900350518596
-0.05577607351621177
-0.05807217616087144
-0.06264785253526545
-0.06683546374297795
-0.08121850012871712
-0.09793359452985982
-0.09365786682774638
-0.18205955688920183
-0.20092002823427457
0.0
-0.21149750297178527
-0.20611020370602276
-0.2304308343349673
-0.16557527336590902
-0.160666481328911
-0.15797488298379664
0.0
0.0
0.0
0.0
0.0
0.0
0.0
0.0
0.0
0.0
0.0
0.0
0.0
0.0
0.0
0.0
0.0
0.0
0.0
0.0
0.0
0.0
0.0
0.0
-0.10306474315305587
-0.1022890574937201
-0.10077824904872651
-0.10306474315305587
-0.1022890574937201
-0.10077824904872651
-0.10306474315305587
-0.1022890574937201
-0.10077824904872651
-0.10306474315305587
-0.1022890574937201
-0.10077824904872651
-0.10306474315305587
-0.1022890574937201
-0.10077824904872651
0.0
0.0
0.0
0.0
0.0
0.0
0.0
0.0
0.0
0.0
0.0
0.0
0.0
0.0
0.0
0.0
0.0
0.0
-0.018180979111163884
-0.01678302470669989
-0.016924405534234813
-0.01732771841994973
-0.018914848289472385
-0.02211064879273175
-0.026823942848112233
-0.017176161202384098
-0.01662631015789464
-0.01743145352474876
-0.01852536757422113
-0.019469256737230694
-0.02165240252632451
-0.02496288653411326
-0.01772625051923502
-0.018202828154968098
-0.019967023495834527
-0.022101394033222324
-0.02269291099101237
-0.024153712939350633
-0.026336636791313435
-0.041580489893346374
-0.036986157392966436
-0.03358460372197029
-0.05767761226490441
-0.05320734326120722
-0.04972096559891825
-0.07626134329464095
-0.07206978609153618
-0.06859581419727111
-0.09544808143649092
-0.09184178568151749
-0.08854180557081093
-0.20110161157213555
-0.20313089041755975
-0.20411379754329376
-0.23195659017840178
-0.2353666221675752
-0.2366065252930538
-0.24414779840274559
-0.24863771227362846
-0.24990211287284653
-0.22181414932936466
-0.2239998896746352
-0.22326553306802596
0.0
0.0
0.0
-0.16844629511104817
-0.08272678164816198
-0.17219864744103106
-0.08774533083420999
-0.17467872897804596
-0.09255550562877936
-0.08219614382476803
-0.10136014449242745
-0.08925732611376637
-0.1101277685338488
-0.09663001221420306
-0.11949080955895776
