0.304000
2000
1
493.96734455113067952
495.24278506438048453
508.89586937806598144
495.22810780308168432
493.79695412874013982
496.81430149904701921
492.71155654185929507
490.89895066206565843
493.75310922709036277
502.48087646220500346
493.07544952377281788
497.05222582072673276
497.99313561142020035
493.71128889009287377
494.53709666977175630
499.31207288202222117
497.58827981906631521
498.89124192695311422
504.85906881366247489
496.55676043331862957
496.31830377131910836
503.34207065013305282
494.47972173013187103
500.04251471494313819
507.95544334917428841
486.03557041038254738
494.77581880160977335
499.21967455470081632
498.17531313828663997
498.13808709064232971
496.18552760836979587
501.43504784417160636
486.71551768786952152
497.30584496987188459
496.11394879650430312
502.52645926312266056
497.37164452744514165
515.09683874738334453
488.66996851969321369
490.83782383281391049
490.94359364307302940
488.95525899309677698
509.81275506162029387
495.15980566792637774
493.57394428119670238
484.92777834364409273
498.89853315038874371
503.03524998492912346
492.47394202133801855
492.75704009316865495
484.31444990536738260
496.90986941206188021
501.74461260036770227
493.47601888052179220
486.30753555287782319
498.86742070086438616
483.23207285414383705
508.26764495011860845
495.72327531777841614
484.43306962083005374
491.92108293601773994
506.05691331605231653
496.22347300004480530
489.82865408382906480
507.87415201586270541
480.78042142690338778
507.09354389494637871
497.20508806260039592
485.30894837460255076
501.27982066368974756
506.44241420265808529
483.64164077764155536
489.24911726358658370
491.40379075253179053
500.22556780902186802
489.67001781461306109
500.36117444103905427
490.55675172574899534
491.16126744274055227
489.31946177006938115
491.42238427676176116
491.75264809748830430
514.83103415945777215
480.99513803952180524
490.66983338118581059
497.89364496495909407
489.39560750519621024
492.46288344010014271
493.04799043232355871
474.74492045034241983
501.06494929129974025
491.31958338683926968
505.58575135994988159
493.97558310055353559
499.04055137013591548
488.60385920548134209
497.10809553346228995
483.97659535175137080
501.10324107462116672
510.72964958230710408
477.44164749072706400
490.45334062259269103
496.29629118291705936
505.00225926996006365
506.49026380738433772
499.20365515945906054
493.16788816529782480
491.80929567120614365
483.87472668150377331
476.70453909588269426
485.17802858921135112
490.59145292301116115
501.29901575590702123
496.85032262064862607
503.50557029966995515
495.64376690876423481
496.19132240016614332
483.43665724399522787
484.99053921534198253
482.60427056074871643
500.38372905478780694
489.56806684735607860
494.83621032682810892
494.66213514945621910
484.43602957706281131
499.96063236747761493
494.89486236091352112
481.26136713223456809
494.78243848006030703
504.69045808218066895
491.64557450180211617
485.04529180759840301
501.58946140585260309
498.54215398426094907
477.97922887190850361
502.32479151569191345
487.87429971622975700
496.54960404637108695
490.68945102257464441
485.47639425426410753
492.16943425996231554
490.43429449070845294
491.14477171692141155
496.06867414211910727
482.55043537440872115
512.78944225464169904
494.60292280124713216
504.72560676046123262
482.78062308431179872
506.53588860501878344
494.03953299621355200
500.07892109380787815
487.58168630215010353
498.68798088847233885
483.21809269153726518
501.56577248324515494
494.20577396548151228
509.74798539771830974
481.78654391844855809
479.55342418783658331
491.49183184539998592
496.32453549477531851
494.63000173316942210
496.22832742316461463
499.04480487155842638
494.29457118559162154
491.38187832748502615
484.53211846367003091
501.56419870274680761
489.42261540455848490
492.44801807983731123
482.54797293149238158
503.50727969870274592
490.46430383357943583
502.82772676537621237
498.90603812207541523
500.96050605602471251
495.56760875202252237
499.27045818227475138
497.34982213814328134
489.25031310698290099
502.95937972128109550
492.81712755198446985
492.94515236550898862
499.95546414911819966
498.37648220302230584
497.32970800110422260
481.42469760466383377
489.17160543439547382
506.88815236441018897
486.64156487315636923
486.73246495182911531
494.50135463208818010
489.87402856819511499
501.68591918439733490
489.75003631428324979
502.09902457078891302
491.02484384948689922
497.39075193507892436
491.30195095013419859
495.55965311920658678
493.84609874255403383
489.44656073221887027
499.36941572562869851
483.59934788523435145
489.48087661559077333
490.84863289286977306
501.23652611374637900
489.14552402623047556
482.44735181637065580
504.19506435079938456
491.76135048950021655
486.93978430605926633
500.01489359064754581
495.62137283353825978
482.19380817128330818
486.25048889196972368
494.81407468407172701
510.56603544839430242
495.37674035349215274
500.44410238360012499
498.74100140318091690
498.75830883854229114
505.08532343018845268
487.01414065338099135
503.13532800592042804
499.34857790602387695
483.01287623912133995
500.56056457479434130
486.17859393216792796
489.53368306469877780
491.03924948103997394
495.64628553110856046
499.06619563985134391
489.13892881045438799
505.57862374321268817
497.84489908041939543
505.18646243149783004
487.74976799580178977
503.99438357978885961
490.89981197691361103
485.35013383342527504
489.12625724497200963
493.32487416850005957
493.95793793342210165
499.88618347361222050
493.51041868578676031
483.79184569352213430
493.07691182335037183
493.75997391100418099
503.91317468224571030
507.26198342673814068
490.78355458882373341
499.95723191889510417
493.02784898806663705
507.88946671861145887
497.72920865216497077
492.45278035090166213
501.70259735650165567
500.81865633611232624
504.20355299909192581
502.82089173474867039
487.80420026540792833
493.56417145578501504
496.24567915218739245
484.39705289992326698
482.41566146115457059
503.94003548844011675
493.64913053573599200
507.19207110037132225
497.45478534198468878
489.81763155526988385
483.43350823970882857
481.41668945384310518
505.21265914480670745
494.53014324434491300
490.07869573740060787
484.77961141424452762
504.48369676340485057
493.42314187391355063
502.73572831975843656
496.95862911916071880
483.28522843007004894
486.97191577544276697
504.14792251192216099
496.36522817979385991
487.36995640228263937
495.20897641515665555
480.05760226567537075
506.38597165163389491
496.28668777175789728
482.41510161164882220
497.45678368576869843
488.03088017767754536
499.99397467600368827
489.32415762313064533
487.21336577179448568
498.23879203392920090
489.96834622581246776
493.00372503146252257
492.77399054814333113
484.67196062534782186
500.27980635375149632
487.90009666226137597
504.29627180604370551
482.95813355553008250
496.17021832939400383
492.92410604885566272
496.70639753387263227
496.41760243666556107
491.47210698604089885
479.67433454264914872
499.29569680325749914
499.73770069093001212
496.40559834367519443
477.67817704920133792
511.37901067789840681
479.56293344553461111
491.09891722944792036
497.33355388174919653
485.26639554248384911
487.17479539738621952
493.60813160876438133
491.77910828623430461
490.73041108442225777
493.20123884859020791
497.34623515118568093
503.64749430848661405
496.42602099083296707
495.00989756804716535
498.96521406240992746
503.20817231151931992
496.82468350420771230
497.91834748112472653
499.20202831101727270
485.58475781644017388
496.87983063203404299
478.06138646028796302
494.59833022884163256
487.36177950927367419
481.00733207618492315
504.35951867962785400
506.40455223900812598
479.37380353513992759
499.92490063748192597
497.62811591305927550
488.41580699873435378
489.55986998789950349
474.98867327794812354
488.52804915551678278
486.04196765410534908
494.94466538528325827
503.81563997194677995
497.11132410577170049
502.36169623613170643
488.70963285929894937
504.41739069598770584
502.58958420849808135
494.45926415138450238
491.14369663066958083
497.13259370248681535
492.14872247765617885
493.80515941778554634
490.12165851413925566
502.27322007116237046
492.78203945245610385
499.94163629541935734
496.56329166639602590
506.13310490072558423
490.75229204378064196
501.34403141560505901
509.10350498176438805
489.32013398181561570
489.81786776243473014
498.37657600464444840
498.81942895016902639
492.72076713598625020
495.32990850751622247
481.87115810409511596
491.86866159120523889
489.72151782088928940
501.65335834897729228
490.96805279632098973
503.40379858495111876
482.50251417062304427
494.99176263093175976
487.72682230734091036
490.23907355582144874
483.08258779629625224
511.58458557662299881
490.57749785591317959
485.92736307362349635
489.35402708876904398
488.73603025099498609
494.33100180272839452
480.61502976166070766
509.09332386924177172
497.28996169753338563
484.97948460707664253
514.14141892770567210
492.04652955942702874
490.13487967573178139
492.58275644817712191
484.75298761713412432
490.42611888224575978
510.59750700725044226
483.33720159798724580
488.87437884239233199
489.88256214794364496
499.52709753633968148
488.24328600541923606
481.03662097280584931
487.37896365381260466
489.74600187008627472
495.68668768112888756
496.42571375461255911
485.73062822306530961
480.75157712106010877
493.06336235890279340
510.10383748129817150
495.88031084603619547
503.42584758792565935
500.93306401012557671
502.48275626132124216
500.89392574493371058
502.99255001139687238
495.38543564230178617
497.88591823296837902
477.85158827168777407
487.95124931770044441
497.77731588850559774
493.73952191145650659
494.87525314029380752
503.89163920902416294
490.57913173150910779
497.76691525067576549
506.25513163659923066
498.12799997581038269
502.38057772540247470
494.95300760956871500
497.25744820967730675
510.22831191452581834
495.69762867248471139
490.97126190066995832
484.94621498065538390
492.08706118306486132
502.85059127420782943
487.50837546842529946
510.67046409387864969
501.48461532990842215
498.77012631404727472
510.80930090885561867
482.62186320442276610
500.13789921144945083
487.61170633644303507
494.11670785579366338
490.25958900032009069
485.05507366207984887
479.91340001984616492
499.98418618045070616
499.11979319404088073
500.68522633401175881
505.91423357633163960
488.23177481851035964
502.31657763253576832
498.10115025169659475
484.35881010496382260
493.30380652886219650
482.53321876866476714
489.29713485262789163
478.65844335876755622
487.78663684211528562
496.36313267648449710
491.10967571340853510
495.73012269222141413
485.82239729569442943
494.46581059981582484
491.08343655848551634
494.89775395164849670
508.05750300652181295
496.12518510313816478
494.55685246324520676
489.69698771029015916
495.26903805823815219
489.66762024465219838
486.10045984296215238
496.14366577055346852
493.56006855016823920
494.34637983065016442
501.25649364093732174
493.11081487627876641
493.58657425567065502
499.87068399881161440
494.58662843950003207
493.22772500280541408
499.70399218067876745
490.46668112921668126
484.40033873327962510
488.54661528589230102
488.85332122514347475
497.14517800579983486
494.72432963779652937
495.74660361088348282
492.12602858622034319
506.55397922091918872
497.57254320380167201
511.90517200697757971
486.46122697235978194
487.17229926393412143
491.27155831737428571
492.86966192766857375
492.21883678468122980
489.56299756728020611
515.60986511223370599
501.09474845801196352
484.60517961622616667
485.42326222322043350
490.15540614310208412
496.55318223580547965
487.68681952593004780
487.43358486789787776
492.58304325870727780
501.36808066109477977
507.22536910851420089
483.18366102238218218
493.67818511340385612
487.85255589652155095
493.55802690706480007
497.95991710020405208
495.07174728670270270
490.25643498165851497
502.19227247537810399
483.53570256368595892
487.45977384423486001
504.17935453650977706
486.96209388694973086
485.91715294529012681
486.53616721670658762
493.74428399669517376
504.71991357138222156
508.01619036207023328
490.66592093304552691
477.12289609099576637
496.09542967122837354
502.22881658384136472
493.77659120286926964
502.28735746511614479
496.75955031410109086
495.10669910439349906
500.87639649816645715
503.11591003834502089
488.10935390136097567
489.65447115239322784
495.03671979660447278
483.63889237557316392
504.22219699428535478
493.19044746804979695
492.78988064099286248
503.00544985295664446
489.07564682350187013
496.80656417167494965
479.57361672031044009
486.80312880113700658
496.23924709345055817
497.64060594958988304
500.52869347963610380
508.41808860108795898
486.03048957562049281
489.85928223129104708
493.21895886706818146
487.93288324638513132
514.10419921120796971
497.44110986615748971
490.08544235281152623
494.83617808160761342
482.33210400353260638
495.12049620805765926
495.56991416425296393
491.76822422571171955
513.21277818267606108
491.46178831649643826
511.79078121591749095
486.87948704913947040
496.82574878203780600
501.71695920900390320
489.25349647994670477
503.19968524735907067
503.22456587715259957
479.81931321221975395
490.78350747961354728
492.82742896544311861
496.99095361874276477
494.11189162945555609
497.44330064751301279
495.67352018240387679
496.91642242879271407
504.15793313389536934
493.18613487072371981
507.13268239955624495
499.82967530073727858
497.74077240349350859
494.67610766965395896
495.72333129648501426
481.14059408910520688
509.44879955378297609
484.83159938678113576
493.85512450534730533
488.72522845156964877
495.86304333018699708
491.83974373660720403
496.26220697730366282
493.01326475952652117
493.68214128330981794
495.11326819333737603
484.65146278473667962
500.61376955688081125
507.51434673722462776
499.14179615005599544
511.43631484320735581
498.51160272285375186
494.02602736252555360
492.81153599025230960
497.94854631467461559
495.37431599258275128
498.60097487484603107
495.30702191132149892
492.29071338079342013
490.80311357338439393
500.46140634378866707
504.27594795968275321
494.62893316941608646
490.76249656945964261
505.43231170337412550
496.69516603158041335
486.97879527564515456
497.17522205635060573
505.74050339951224942
495.37405004006097897
497.60471354691776469
497.76198486443314550
504.44328146470996899
484.47964725464328239
493.92769876535612639
503.92654643279763604
490.87695594317955283
503.59534260108955550
501.48365480939486361
494.60615779186247210
488.25279793863722944
486.31326291534594475
479.58404364268750442
499.91919072222736986
495.71005602616571650
485.08031711967078081
504.31440907580065414
505.49193203183926926
499.91121259139652011
502.73660510642054078
505.39493545750133308
492.98083671793727945
502.16045385152978042
486.92431728746493036
502.29861599674717354
484.97900807217388319
494.87616941274245619
483.34839334332099270
505.23938045528689145
487.35465050195284675
491.20600801491548282
486.05691089574372654
497.66947453057957773
506.84119238856902712
499.70137508049697317
491.86316924428552966
498.50276309765536098
489.65747908614355310
486.88094681122248630
502.75175076528790896
491.64138349408034401
496.08407124241506381
491.63291572464885348
484.32438358474888673
506.31003545448220393
488.74911281143698716
492.05681019500764251
484.00268012518125715
489.75582261434664133
497.97077370550135811
500.21589118067294066
504.05366637456012313
492.81622449546324560
494.14205246637754954
493.12963992644017708
477.44715766901992993
480.16060406248158188
498.01790127772250116
495.51345772644413046
493.02099915403033492
495.27442604187820052
506.07905484742457247
498.22303246704058211
491.03519033281855855
489.96925927925769884
486.51178025132367111
501.39679232758317085
483.92099884628538575
493.96512626465056428
498.67921471459538907
493.84925099428596695
490.25384686151124924
490.50204398792135407
498.88851626624705204
495.17315469157682628
491.82472984295424112
489.86799961104446766
507.64451233787258388
491.35010025452913851
489.00628231134356838
488.14376982005950367
503.93033825211227850
492.16146211275338374
501.61595395280346565
497.38524956873078509
489.38265997744559854
486.85014557139925273
494.12802661458380271
500.27976033053073479
503.58724691110302274
482.68900336184970001
490.21108902986128442
487.87538461280581714
486.57818539555864845
501.61684824030419350
486.39636748749802564
503.64513207099821557
485.65252883662117256
494.60440208334284762
484.91339567341651673
505.03684759054664255
496.88181475398869225
497.34573314181852766
493.76297232981431762
499.50114322059101823
486.44491633198532554
488.11846046765890605
489.74559455921746576
484.70353683617577190
497.15734591112834551
510.98714561960491665
489.28294822125366181
492.14269587097061276
489.91733629939420780
493.99417698815511812
507.97268342168604249
484.36443521430027204
491.45831108972231505
500.81192370710641626
481.35124112691664777
490.83454590047273314
490.07246402569529664
489.61651267561097711
482.58045878270593221
514.05670056076962737
485.53024413696459760
500.87893379468005151
502.46894651326408621
495.90023762387733086
496.24259758667875531
505.50109757170685043
478.87047442248143625
501.42667268849766060
488.70721865217774393
497.29922398267041217
491.64363087017528642
499.16647670632073641
488.33339697164547033
492.63625846974593969
490.48072311688326863
486.95175077347494152
502.64925801501442493
493.66199658660985961
504.70499271749406489
492.14199522097715089
482.76027825117154180
498.17698266402032914
485.54198262187765067
491.59042253386451193
504.26444658283958233
504.06112798982843515
499.80109268186077998
496.59177134147574861
486.25377135399361350
491.74909971880816784
471.62226450753286144
491.03801552777207462
489.52241597729113209
488.20118264599182112
487.51587450597253337
508.12727670344179387
493.06578759129553191
506.80566006812819069
498.24353628559248364
505.92147937310727457
492.95955592885019314
483.51676139141784461
500.94863319097601106
484.49196607027516848
488.77405986075268629
483.46963188628592434
501.88293385977857497
501.46390762213610515
499.74958170605492569
491.22711368560288747
497.88163212983960193
498.29620513547649807
490.43093663404584959
499.83803060007880958
491.59588259740951344
496.51699060396026653
501.55258041601513241
500.06079172611026706
492.96162865098386874
481.22248463001773189
490.74903386200702471
492.53165894156626337
488.65578521607596940
505.10554807202152006
487.06080279700677238
499.06178940714585224
498.03535671942677254
486.36897787030824247
485.97858463189805889
481.13753083452075998
495.53949912667138733
480.03764813315791571
497.46630121203639874
477.49881603369590266
505.38217481107182039
483.46340344514192111
482.41488221419507454
493.53246550610964505
487.68751818825893452
481.12795184293861439
502.87534836167424146
485.85164090980947549
488.90296212765474593
496.84145405865552902
495.41858209530840895
486.17268986705596490
492.26586839454586197
498.39254307486999096
496.32472471213759491
486.43294118191272446
489.88273637765018975
487.41978658055768392
494.11237525961411166
497.76744037650342989
499.94330266018494058
481.64405348787693129
491.43027061278348810
489.78369754496719679
491.84350943873056394
491.51566853180736416
497.22404418284696703
490.22694429531225069
486.99206248479504211
490.15884657690946824
485.39208422247861563
498.31131838984509841
497.89905456113308446
498.44013245772850951
498.52312141131062617
489.02006803154102954
498.73969092368184874
504.24573320611233385
496.01283638768393303
498.95639996685338247
494.30052513616379883
490.10105123316179743
492.27728728207796394
491.01015201170366709
504.83160525577943645
487.97273235737219466
495.56647395965205760
494.62139493989178618
498.52664319156150441
483.08744932447280007
501.91147099938137899
495.42370165066569143
495.46596362352784126
492.55486251602280845
510.15028233378848199
485.11566668361575694
492.22413659893919657
486.45927801076373953
505.68305028621313113
494.66326144415069166
496.66159794035030473
498.85000549421977212
485.88895192523762034
497.52181548626742824
497.52613218906185466
502.65679025744549335
495.48118332317028489
499.11055818104284754
497.51191897992595159
503.17080077030090024
478.29814894748938059
493.92369391248985266
512.86877769156876639
488.77208489989624240
496.03012425371440486
482.87056120433754813
505.97372912022927949
493.98972716584262344
499.12258240174463708
492.43409836677847125
489.92425551125052152
499.76746797805509459
486.59958715227526227
497.67325348578742705
487.27533091754611405
507.02884341940119839
486.65843909260661349
492.40540006740997114
488.92830072956303411
499.21739627292760133
504.68805221895536306
493.83365881022473332
500.12991168512263584
491.76807587553923895
497.40980452787272270
488.90677202604069862
493.66225501720339253
498.14836989483234220
499.22507949420315754
503.89083516400876306
483.46944645737551127
501.14164993712063279
489.50178638802407249
502.62846448974823943
506.79208921356098472
495.27996454429251116
502.64310565391951968
477.48938859475447316
492.14732237237245727
505.80056424498138767
481.68115991393460718
494.03605689092262310
503.71923378475486288
498.83974600122610354
500.96922809933886356
493.84882130314014148
500.32041420827272304
494.30558667236198289
494.59365840513618195
489.32932325012757246
509.27144876952388586
500.08375070688310871
513.47326912152868772
486.29102297675336786
498.43171065305352840
493.31876817688061010
487.97047829290499976
487.26219818192379307
489.72747003568002810
480.05361096463718695
506.27335690716057570
482.27005238893627848
497.12249164200625273
497.31014300241315595
493.15854705700007798
512.05907626465386784
495.27447762799079101
494.33268811366605178
480.97134271880878487
490.86266850549026231
484.58443031375077226
476.50353688642286443
480.89432725577495376
494.30976606675676521
496.76926125488682828
496.38608109486852982
481.82620630425594754
491.34733539585766948
501.12270645749055120
506.63479051647834694
481.72431272416417869
493.45808922523229967
491.12558950038459216
494.29161471379467230
489.55183962294131561
492.40615630134442426
499.22189119778931854
469.37320844657500629
497.76058040376199187
489.64142433626489037
496.57951643053922908
482.59065402475511064
485.12637710576768768
505.21757900963456223
504.16202927531008982
490.47114364180629309
496.24692952066794760
478.19214377753996814
471.43173684313859439
505.61490494809874008
485.04312721465333880
495.09532936461749841
482.83251424037581501
488.29744394901024407
494.37518331321336973
498.98038365019084495
503.55922938445019099
502.60546261707554550
497.03833251780758928
505.61785120692536566
500.83122399056838958
484.88117769292506409
490.38989755801941328
486.97629885270004024
503.02676663242863242
492.51043417551409220
495.08462550231263322
491.39193628565755034
488.96925065985931269
488.91494199423357259
497.07785747854586589
481.45288055931411009
495.29622421522327613
488.00915704414182983
508.55642292089856937
477.54947697616529467
492.72542835471722356
486.17723200053342225
484.30312451444143562
490.00785345893621070
493.67863226983553204
486.29926889820376346
505.97295981007107457
491.88491147971456030
483.80669264286689213
498.02916168870939373
492.13491392485531151
480.37819057731542216
490.54751105197783545
497.07935641214942279
487.14641049620922786
508.74128537473836786
484.90208804511513563
483.30649831230107338
493.90572382512158356
495.34807037919858885
502.66320759458938028
494.94559369490389145
501.04056934687298508
504.43590286098708475
498.93552602028728415
491.05059245752676134
497.89522490743036087
498.43976139654330382
484.22176330311327774
493.81502576456114184
497.04789090095573556
491.20792539261219645
496.00254946690091629
478.54304340360840797
489.17921666522647683
505.60917348035701480
496.13861252567937754
498.67004023001015867
505.21421827677107785
487.72906148723143360
488.21597030990369603
504.46110766028368744
489.80489053875822947
494.80439097324210707
507.64099850995762608
490.53338782898396175
502.29698963106648080
498.40486545349108383
489.92565220928497638
498.33529156875431454
482.85452032559459212
482.78001502842698756
494.03744309650630839
489.79491587499160232
490.54078285186312769
491.96252355625591690
501.31596485734581847
495.37805288460316433
487.58448354377867417
479.84277042385832601
496.08960904483365084
492.57906014496148828
473.08020174318119189
486.89752658177036437
510.61976304705649454
494.30055935323730409
490.65891458637605638
499.23985589213032199
485.43783768187137184
490.75338432667354027
499.43453630343628902
489.27441258736195095
507.20437972902948331
497.50792794319198720
503.58881122613360048
500.36416443871462434
484.64648644800598731
504.85828024648031942
500.53980344767603583
483.46388952221309410
490.59204241655055512
500.54173956672701706
499.35538058827756913
493.39715572645781094
485.13597805769023807
484.67304764048230936
494.82521505967133635
480.97634324679899009
505.69672605859284431
504.50109871733889122
482.81312618889711530
492.12872768443281757
484.94306973228208335
485.58514378647339527
488.94835607868810712
495.86692453777351375
489.19821488881956384
509.27413114050062859
493.85702916344246205
487.59033362616753493
495.62657243009078911
501.21874685122196524
490.39437542153518734
497.51095407412640270
493.32413428443049952
483.94715997955495368
487.04321567311103536
490.36343534687694046
493.03094527808462999
494.54844219536738592
497.51996330779996924
508.09303178718943172
487.81045909442917718
493.71582555410935811
489.84401296692152528
487.99138599167986285
481.86314077528908228
482.46776892008904269
498.71634752344948538
502.37099534392717715
483.90245272456320436
494.35911438912251015
492.18314686418756310
483.89572348448149341
497.44151507775910659
481.36646158029151366
499.37461682111046457
495.42979678423813539
494.78663514018319347
495.54752174473691184
498.40012129841272781
483.41344217277799089
489.58552437857576933
488.38851707019603055
493.90544761930573259
496.83710815405964922
490.75587030983297154
492.89333689566524299
493.13787583427284744
497.60380166153282744
496.21087060114410860
502.43446676707844745
491.56822718231148883
496.59491714254096451
500.10676363789025345
503.30471625911576439
505.07581644219641248
497.04788681476895817
487.49987650547694784
496.35251329611736537
502.54870414033797488
496.67631013038391075
482.32976391154909379
503.67877144060310002
490.30289749150188072
507.59539841026901286
492.40983786104413866
496.11488628924217892
487.95534570358535120
491.56380393158235620
494.84391465585065362
488.27036419442185888
498.91780385118602226
497.08547681410152563
481.51667195593472570
479.32334863847967199
480.39778434074651159
492.43919409466951720
493.00349565176560418
499.15730343371365052
488.67145369553060164
497.08021441244881089
489.80541325496955096
488.07709061599615552
489.53936086085428769
501.89318964998432193
501.80121727664294440
499.67367444303380353
499.58973343518601951
499.40321162291303381
485.69078233909857545
493.33412954628204261
501.61578074197564092
486.79522753367371024
506.64601699526082257
497.39229836292389564
490.80857117243590437
495.54472238820682151
493.90721488899163205
495.26619694706334940
485.87721399070755979
482.79501621559171554
490.60393739611026831
490.51259002782177276
476.59630418375650152
497.02133383953531620
491.26261221750576169
490.53710949836607824
483.94737663486176871
496.71247239085022329
494.14909672509310212
494.85508942112136310
504.75001288948362799
484.21726462806344671
488.09122115418972498
498.18655467406438220
497.85494200685445776
506.77914095499602354
502.94873060117026853
473.58419218586965371
497.14555095378744909
496.57018569459120272
477.15822491912547321
498.00025632656843300
504.10243465134351482
488.58625571888501327
484.45869221653737213
483.42686304127948915
486.05547346112342666
491.70552372235584926
499.98158947981653455
491.34032545190086694
490.24601322482470778
488.31079773141698297
491.93280138788287559
493.80746967236552791
493.79006210154835799
481.70371619885605696
503.78663307876524868
497.94151248346827288
484.62865394092909810
499.33489606452081944
487.11729280572535572
491.02354966494584687
518.98102298422838885
496.20992086104757846
498.29277350592144558
502.63410359319686904
489.90376638424226030
476.59575314437381621
495.38217198568520416
481.45906039456286862
507.90373228316684617
498.33990431072123783
481.84263025938861347
484.45561945745811272
495.97196767046534660
481.64426160845204095
496.99352503146002391
483.17878997799442686
489.76730711682887431
490.59793232898863380
490.06447134423132184
500.05709793790339290
486.86299303690373108
484.45371219503755356
492.40292425310576618
488.96289016965130259
493.49245647789638269
503.69213174415580170
479.83556922880308093
487.85291160951788925
493.68047982352646841
483.06037577408994821
493.36166727320181735
495.84439613843949246
491.48729738598450467
488.06452412008184183
488.91821260860240272
493.95648401308665143
506.41544571582807066
493.32212407186392511
486.59544619196083204
482.07081498101780426
495.95422050365209543
491.68241142791345055
502.63986097124916341
488.53646444608159527
501.89823822723997182
490.42362900858637431
489.82281413800109249
495.64681550815856781
486.98250889002412123
491.31158049072030281
494.92124805659233289
490.44250388494305071
502.37417225346206351
495.17143078915108845
489.09855491185714982
501.71427444336814006
503.20809080825227966
494.01804676496823276
504.26671346325184686
495.47627825884978847
487.44297106578125067
488.52863304287183155
493.46787317706542808
500.94293242228292229
500.12778487307588193
503.39311916707890759
496.43354942007010777
481.36494401859437176
492.77204838559941891
489.00014139893346510
487.88570675824479395
476.95194162088751000
492.71756421219373578
493.10193244408884539
495.20117654202488211
500.61518514844556194
489.48432804769174709
500.69164600653732577
487.13407729887569531
489.05704311132416251
492.45428332631581725
479.09213018340670942
495.46731998866590629
492.96067567037090384
490.59638832466663416
501.40378793037638161
485.11488559026571465
476.05512781877479256
497.98498210849504630
490.17100468311554096
495.11205403961218963
493.24708571854216643
494.91792560863376593
490.52277491242858787
491.32827533036743262
497.70424589169874707
499.14855326390159007
491.77325808825366948
506.01390947454092384
502.91280607966638172
502.77021833075667701
502.48156131828773141
490.24981086963362031
484.65923809059222549
497.75306933381256158
504.91153891440688994
493.00293340002832565
500.54241770224183483
480.34045440516115377
491.37138758987731535
485.58082584691470629
492.00032561389548391
498.44551085333517904
499.38137925607350098
495.02863026860131868
498.34285023230995648
488.53281185585075264
493.57283185782898727
488.11592874609925730
477.68270868352101388
497.68920959934609982
491.72035137625789503
495.11834502992508078
487.84868670817547809
493.26425670647898869
512.35157349657117720
477.93239912051495821
492.85909826772746101
495.27544991374986694
485.96245055666184953
488.88051730002632667
490.45652796251914651
498.59293086263539863
489.67456220900839980
497.52216004175903663
499.32235858789817939
491.04984018245653488
494.15297978180717564
483.86512371569307334
494.53533213693219750
507.71364099764275579
493.34408896966311886
489.76341461778571329
487.03759670652095792
510.56925273844257163
494.09363151427737648
494.08083829585035573
505.05746253072356922
501.85071534749476996
495.26164188895728557
507.76220473654365151
509.59018116119665365
500.21349532032178331
498.82322285390000616
493.64284706279170223
501.25456702536553166
493.91804951398148660
492.97068317461702236
502.58040016477099243
481.20779324421840784
483.23585470145030740
492.24466091777560450
501.92234202501987284
491.71448313873401048
484.31647232098953282
491.33049064348500679
501.35822826060905300
482.78608172511422936
502.70395158839806982
497.07846721893372433
497.82761834673323165
482.85553791042150351
494.60773622585827525
482.07780218133166272
486.96601539099015099
493.71615308684556567
490.58192957892828190
494.60962536450983862
482.94768315185382335
502.01249402363936269
492.99082340672634928
502.23014183607125460
483.52819316177789233
486.55823781653452897
490.14810742702115931
485.62893781638973678
502.47537496434301829
494.37112439000117092
482.55982995919828227
498.31896705234578349
501.74032444120388163
502.60866688029710758
497.57356224968390279
510.53670298364818336
494.94722446524468751
493.86974376340066328
496.47566042745449977
505.28850469490708974
489.63914839374018584
493.90861600712736390
501.93566751965232697
506.74695230272408253
481.14337373468373471
494.41214513078949722
488.69658184227614584
505.94700942191997228
496.62026027767109326
505.95178691221570944
501.66328676253402818
497.91881120529359350
500.47116381361109916
510.85542619904464345
488.09260116674329311
506.77142765839516869
491.11507062405962643
493.54210988821705541
489.64733024836840514
495.17141272503425853
509.40803354263925939
486.86675248536511162
501.54057280007015152
488.27655224152550772
504.72344683091353090
505.73713755681671955
502.96695600401062620
504.31073662055570139
477.63564863197541399
492.69333178138441554
480.78966849961119578
481.20674080114110893
492.66903059756054972
496.31108339354290138
500.09799110128602706
497.81630865271444009
495.63718049556507594
506.75347901956956775
499.43505053000524185
498.56274145215473936
499.08895170997203650
487.50641867330608648
509.91117274102964529
490.86428073983273634
496.07157535154192374
499.77949185010925248
504.09136903870518154
487.37630774138131073
491.83378430748621213
500.20061281721154955
488.66600164313103960
500.06159275155431487
503.94221406122233020
485.07290381092354892
483.31698412644379914
506.10805066224793336
485.50909731900560473
495.00500797612323822
500.31493319163405431
495.56234215520203179
489.26092464818236749
499.61930230383524076
481.36108254585042232
494.72203453144862806
494.06485338415978958
498.37486322800964444
502.67073655825203105
487.17773889710849744
503.12275417176891779
485.33698094768681131
483.69747148433231132
505.41132096923706740
493.92693765573403653
497.41153968772459848
500.10950300002741642
499.79158999466017121
512.51562858653869625
495.82109256189005464
483.19841382382077200
500.55260482418185575
497.79829378838303455
492.26491912613300883
504.39037781390265991
494.46829796416426461
494.09706034436743494
499.58619989185444865
508.37246286902427528
506.33841732522705570
491.42865187427906903
486.37870469040421995
508.00297334336227095
507.16274524134917101
499.37382715584021753
501.71189654386381562
490.10620903145758120
494.50923377700820538
506.09573113980303560
497.59969200293966196
493.90298861467022107
498.21750330612621838
495.75259032567981876
510.59359581180865462
490.27916752453285198
483.80989274097407815
477.15908763433782269
497.58648399569727871
504.51663223585683227
500.76668429530468529
486.37759897480685822
479.50094809196286860
486.54985420007460561
486.81527086726623565
493.45392839855912825
508.84572961486657050
495.13784281716721125
494.36249151351108821
493.92614459710625852
518.81759064436641893
476.80780252464029445
488.00446164139134453
497.74599521597860985
475.81235423224239867
489.87877653394434674
498.94271275863684423
500.91762656298288903
506.76990583121465761
494.80335127835263620
489.59478062052369296
508.94009999304785197
482.33980261735410977
506.07405091200035940
479.92410803780398965
498.03657979326465011
492.07690646278217628
495.68435009052723217
485.93262320994210768
500.35746799113621819
492.59412875435828028
493.55982729471463699
499.05916354266565804
487.20287148052966586
481.47722606996751438
487.02019377161434477
493.66803674595740858
509.16372403162006322
501.83464860144994191
504.88151270967671280
483.83765925457737467
491.62906852245697564
502.44163633825587567
489.70173955814385636
498.17089802701963208
488.15791405747728504
489.79532200828066379
478.46396652273318750
489.51066809534307822
490.46923718084451593
497.40195422724372065
493.73369682713553175
498.72098635696249858
498.82330919264882141
483.76965355574424166
500.36907295567175424
489.24074160606937767
495.72622849236449838
500.62441423388918338
490.20730375268510670
493.01821882225362970
509.43268714758744409
490.54147491651559676
502.25945932683140427
480.76973672217741296
496.66783683533043359
485.43904184144207647
501.96940740777466772
491.66031528215893331
498.99584930956876860
498.17362024157654332
479.53582929773881460
497.77776391159517289
471.70947141823376114
505.86420370901169008
495.87564585421506536
495.04184567313137677
496.10569136737723284
494.06563459390986282
487.36647896674094227
488.14666516488773595
478.88283599507303734
489.79727919458503038
504.70729016198561112
491.84896570235912350
508.88389548800637385
490.14823315661027436
505.70780187972349040
497.28856206014461350
505.22184487108728490
501.50708743897024533
501.65097693094850229
500.64917924165189334
502.93022964011026943
488.85569978043304218
498.89020785574172123
482.48413074010341006
498.30335598826525256
494.80103238950954392
482.53452636438595391
499.86712319245481240
489.81306867650994263
499.01911804809901696
501.18032237122821471
497.56504688895455502
495.50167236759051548
498.47504619262991810
488.96858416282861981
501.73454006662325355
496.92507371829645990
511.18280995721062254
492.22723026405878954
493.67617247206703723
497.05155943950734354
494.53309152381052627
506.15004162534557963
499.72820994168534980
490.02401864409404197
487.33914262627820335
497.28801585775693184
490.09910806785177328
498.93776234776953515
491.00557363734958471
509.71882634949798785
484.51546119928696044
488.00648137955835182
484.35734739364818324
496.87848581252717395
493.59713279536828168
495.17904717508088197
497.81238163952099285
506.65145305295038725
489.32896851361471136
498.07440288625195990
496.42118555440100636
486.81903259192199585
480.61225977520359720
474.44757538029114130
477.66160804177934551
494.93927842514057147
495.65201439412629725
498.37946738094109378
499.28533637005978107
499.55872581982703196
493.22609297413299601
491.81339394439402213
490.38761698466407779
485.20911701961239260
496.71462084247826851
497.26387169763739848
486.36848192656270840
489.82350720728788929
485.13455836967642654
486.05899253872439658
481.74299382926642465
495.96114712440771655
494.45879738630128486
489.86066496362866474
488.55396304862375700
485.15202795648059464
502.52128996105051328
505.40921657411672641
485.00822876094218827
494.32063680652157700
487.96733077388830679
495.75627616843297574
490.20932280338439568
498.06009441160472306
492.55078122680589559
494.99802027473378985
501.63899372001395705
488.19508696036240281
492.89575353874317898
501.10006522879302793
514.61453888283244851
481.19862645310507787
498.43104045784417622
493.35286318762962310
501.50504508631206591
494.21338655075840052
490.81132815551916337
493.03787617864122694
512.36907816285940953
513.51160568211605550
495.11169992022172437
482.43942472038179403
493.40655388154323191
494.86866527483078926
489.06894040263563284
506.23451429632206100
487.89242410996206445
490.08155548764307241
496.55597857498747771
498.68023066076193572
486.95575663526312837
493.30419178377542266
484.58892591732677602
488.33114388711959464
497.62645489179578817
500.26548719870896775
498.34349578730490293
489.57233817859486180
492.68536296103883387
502.04143141783720239
480.10493746071756505
489.54163246044964808
502.98381853319432366
496.10947955397625719
499.70200941388600313
487.63336263818320049
481.21450069769332458
488.62782688364842443
501.84553487454240894
500.55421961093190930
501.51831200006284917
499.21141171274598491
501.35817031915706821
492.56795421221863762
500.00004763890291315
501.85545268732016666
495.31249605756335086
500.00400443068582490
494.31906011284644364
506.90204991500144160
495.34659769809542240
498.45723879732287287
478.75784943255604276
506.31859431442404684
493.37875510721261207
480.84807776429062187
489.36761643715038872
498.22043240387063179
503.17357718981514836
498.45696390082241578
491.85373809762819519
492.49624785720317277
497.73118730044848235
494.08163951125288804
489.30777092492547808
471.54424568271940643
499.66395853909125435
494.66047800255671518
492.39221024899984513
493.23255289633692655
498.26922525146881071
492.44121122842528848
509.59270860034149564
484.34621554946653532
498.41332745634952062
500.18993402902236767
499.71743459418644306
500.06577058187548346
493.01395490082330753
505.07230878568503840
501.33042159403254345
495.59855379724626800
485.01702302792148203
496.38635513915738784
498.49067143782366429
514.78469051791546462
502.84871527433159599
498.17549726200763871
498.16943053622884463
499.05505611570612245
504.14666415337194394
495.21181760250613024
498.17123923413538478
504.58813331273603353
495.24590490133647336
499.31897813948813791
495.00194014307811585
495.67943199113466335
494.15072345460254155
490.21377880148889972
497.89431100040206957
501.93879230435891259
487.51571970480443952
497.98100752990990259
498.04148198809548376
492.55074388319957279
496.06530060650010228
492.70130415665414603
486.49169827374043962
488.89083880190577247
492.07036935161175961
488.51996941799865226
501.42602321645256325
490.07289002834227176
494.38359993739686615
505.86802857310186710
497.18809823637388945
476.07827519197206811
501.57661207576853712
491.11367908938916571
505.23972206299043819
495.68399028857015765
501.58722366798218673
499.55355142582823191
485.21433947757327587
497.04720819807278076
498.22643009491264365
494.41633166557841150
495.91267980242105295
492.98521375306518166
493.16380210555712438
488.83159023136596488
496.38490957447919527
491.33041552719276979
494.08812261797675092
487.55408286788997430
496.14474822763349948
516.34683380314140777
505.46280253733010568
484.66378704705402924
500.53379151735589403
499.03877083292991301
493.36657280724563179
509.10519509150782369
493.49683587220408754
496.61522462232909447
500.23089813694542727
503.76220033222278971
494.69373962771288689
500.74219773111070708
487.11557897390719063
506.01124365702429486
494.74756626055108200
493.49880387674863869
485.24331534731663851
490.22204970286708203
505.21535347268525129
484.45160030003302154
495.28672882948740153
486.57656884167766975
482.46672615968287801
487.99607312678193694
496.21784394102104443
491.99782374413877051
499.38097601347107002
505.78316496943961056
490.56869121025948743
482.87146420913398970
490.49564383337235540
497.88043107384959285
478.04329718446206243
481.98767376810405949
484.07003638871083240
493.68618662127420293
503.06236849700809444
494.70307415506152893
493.14504950523394200
495.84552492998221851
492.67868707376470638
479.75835356147626953
493.85445015868083374
496.42585594702353546
494.85786169789594169
502.07220716178932207
494.41460026625861701
497.84134086246820061
482.94012722595152809
476.10152365144995201
512.12268698725608829
500.61419866507168308
499.14495419508710938
502.68910027008672614
489.71637245966775254
487.65134467522750583
497.18949458262460439
499.18285743759906836
480.97687280909713081
492.75632192658378017
497.58195726267223336
502.33628538490108895
523.66752423594198262
488.55919766978502139
510.75872483064267726
502.63141380499064326
493.24370107103271721
496.54210179555337845
488.51192061083327189
494.66997189964320114
490.05025934262255305
492.76253346120518017
489.20256332712000358
494.44952626363203763
501.10118200339070427
488.81185890301406971
500.48434696602026861
490.32330050495971818
491.70835321580153732
491.90546305318082432
494.04976915744106236
483.87501411158029896
503.12272362227662370
493.18635712483364841
501.97409561307694048
494.91813570335710892
505.17039373227976284
484.97480713824006671
492.02410440557326865
487.99455950824471984
485.02945617629910657
507.02492257110776563
495.32939426081503598
507.57951683266020382
497.37502637812480089
488.11707067553805928
496.76899328138659939
504.06425512633279595
497.11885302333303116
480.93160121511380112
502.02762313972698394
494.96001134327917725
509.40203294617646179
488.69022800604284384
492.97302701965332972
491.97826265013509328
484.27763508950835103
487.98917138393699133
501.01364586653130573
500.71416775784530273
490.18191839637432849
495.82547531227578474
488.57622016651885133
493.01216406698142691
486.41730265639040454
495.11131826854762039
