10
10
0.8211215828757928
0.8357185879405845
0.28878382101299094
0.500189946974642
0.9865804052361156
0.6768203966416603
0.6040847639597681
0.9969053577421063
0.3168128927805366
0.3438959097360428
0.8292740436989966
0.9331031992192612
0.4968888634688169
0.6669084559814958
0.5130156665918116
0.5967446737717841
0.9866845431791936
0.2156071913406158
0.22352075925426207
0.8433976179269652
0.751468268243137
0.9982995942147481
0.9646540176891363
0.7075382363058015
0.5690408009669734
0.6778291419458289
0.94400042099904
0.9877387038048416
0.7418292676577758
0.989847394974908
0.45537369100008074
0.8194425113930986
0.7308115807761956
0.8385085631818423
0.09235010775598285
0.42969422641296595
0.6978735280750988
0.3660038258466931
0.2447619692180184
0.9801042234298893
0.19417840443198353
0.14489167102674083
0.8466875933503795
0.6474928105332048
0.2643548052084682
0.5259697887709074
0.6423255035474337
0.86607246068375
0.049784913999232794
0.08947274612957157
0.8152422781397769
0.9606910515930979
0.5690028555308344
0.0936688036412161
0.6868354392588402
0.2375724799546215
0.7291880173485381
0.7924689966031795
0.33145354299444496
0.9671558178894838
0.7799660974315625
0.5024493475552834
0.37846802364747834
0.5930478029248092
0.35920615122540567
0.33972737367877026
0.9756925534336239
0.9317675070121544
2.2930780279228902E-4
0.6184226276055488
0.8738967483151235
0.08987641071381025
0.47082062899172705
0.004969695287027842
0.8587639327779827
0.31825078755232905
0.5966627924735267
0.6563419280702785
0.3044924390474941
0.04766760683831306
0.2852865356720997
0.7352825704663566
0.4523433692761314
0.9055391820921029
0.31135912990823333
0.8919294828757224
0.1277875761745867
0.6005457350728095
0.050109398244290726
0.5287581443869482
0.0015076282196765378
0.18007943396379467
0.7529135913120286
0.9245575878847175
0.17236098301494696
0.3148269126292308
0.14754357971636733
0.5831918663185991
0.8045129520482808
0.9454821404352141
