10
10
0.9135020192960602
0.27941331833805294
0.6900919574772933
0.7901803586579984
0.043422626200448566
0.7038020709019087
0.34749028636287715
0.4263650754279301
0.1944840969139663
0.9810236115146712
0.583195958847354
0.15775883507567035
0.9238436628578143
0.49737480888018337
0.12759823212072474
0.6071431072282096
0.8837066532358913
0.5106208073769581
0.8517980145376219
0.556038538329708
0.7877378831704637
0.3238280164117546
0.2198481888783852
0.8524937519179575
0.8556690825627188
0.8519209603384091
0.3505528908822714
0.7937667829132647
0.8467289101855386
0.3998414876838452
0.9991591030125122
0.022015533220969052
0.26224791049034
0.2924774839962627
0.5046254956481676
0.683027789325522
0.5487680462264273
0.849067063071116
0.7647545977781584
0.8411854945337818
0.16521268973609748
0.07857421009526533
0.5993265820134855
0.9182717614800502
0.19114937179460467
0.38756964971620766
0.44047380524746926
0.2293934683073925
0.747904556541232
0.538440946452679
0.1498875579991995
0.5262061168041773
0.8802657740823325
0.07329410347146859
0.9040492621400282
0.8257916430561053
0.7037335507914038
0.42769827820219597
0.5115306432625812
0.7029545824129373
0.560761704627132
0.9984643831460539
0.23050843369159646
0.6543648377659245
0.6491510898447126
0.5009373769630754
0.13999088710803154
0.10489067912916772
0.08673927402693482
0.053820765879096455
0.3848551652123857
0.11962865553721846
0.6587536917587085
0.5633415101381024
0.16264585004012644
0.9095517910210704
0.5576739526334036
0.14360198906855026
0.14918679846716065
0.7743611124985845
0.27017447946684714
0.506255216112362
0.17040961917639674
0.21303996224919142
0.39169568793020393
0.4801781747316324
0.31940406464159266
0.5507741911203213
0.556418330627884
0.08060751718146064
0.390547146109236
0.5803158498621338
0.8588922663072631
0.8372407833282743
0.4566690067394248
0.3965316962754033
0.11329731645737151
0.41209530734454225
0.650565361467619
0.8147919966847021
