10
10
0.016055235836853976
0.7923568104705726
0.38129470209553673
0.9226604089044877
0.24021880627915404
0.4079167207381107
0.7751437353369106
0.8821035164325692
0.3583463826459554
0.8288324520509726
0.28279656050151625
0.9337935841277153
0.8996888552587179
0.27727956086996064
0.037548625761681276
0.14007987107111852
0.020545622534595354
0.41700086664150304
0.47894323712014597
0.29006319065908015
0.16815881801513521
0.5691839849310598
0.10365865257740281
0.9511271251329593
0.8489292044965364
0.9450824079030922
0.8382489344774682
0.7609220187202782
0.20325440354854574
0.5276129437883302
0.9337936606572812
0.6061946024412801
0.023861176852043697
0.8640449928103184
0.920206520225701
0.7928637585234392
0.4453228778156899
0.5680297549113522
0.9518986246330224
0.17600097887577093
0.7795247327446106
0.7716008838891292
0.8266870524054485
0.4888818098507104
0.8751585965632424
0.11641005825322037
0.06628516030148701
0.7870322280812193
0.938900101617474
0.12834451577519312
0.7094059866002076
0.006201966164153694
0.9717411031194881
0.9808058906114479
0.8874554467952142
0.12245436359459494
0.8460203475555127
0.7193128447907855
0.8279877397244764
0.2980704156222761
0.5770163939333595
0.9937225394655984
0.6625400275045047
0.6987219894959134
0.527536066574385
0.22424909301578722
0.30315949915051
0.3753779686629998
0.12475306106106998
0.9135896009728373
0.6958805591326925
0.7186636158088118
0.1656207386232692
0.5098515518152127
0.9596057209470289
0.5139022152997136
0.9405043390724594
0.8236077599348472
0.2752888204100996
0.5518256820787052
0.2142472718976458
0.5072884131563956
0.9030145114087318
0.0829482759210507
0.569707281289546
0.5162519937109845
0.3735133851244322
0.14285579086903788
0.740867741097647
0.7882599584021193
0.7258472536935303
0.9211700946101935
0.34095060691946066
0.6017130382660857
0.6444448016065364
0.8987069679436277
0.8255269093824764
0.20288936348546494
0.48636238317371516
0.435352841916805
