2000
1
0.10372721272952745
0.47446742299231814
0.33552136850205816
0.8338438087806106
0.7055413388955415
0.681899207903985
0.747893251666907
0.6269030750146146
0.9094278033292992
0.07494201422386937
0.26158761040785705
0.29308632721627514
0.8136995245284975
0.6674812925767234
0.3947323148797831
0.7653915551475973
0.6634088928121853
0.8055913959529184
0.45466757818104697
0.34297575780782574
0.6169737272405724
0.41308834957847784
0.6236794041888845
0.35828189775866626
0.32692908675108245
0.8829118449055299
0.17955302945789886
0.1394243142271172
0.38464055378176554
0.4251580289454553
0.6903323088521491
0.23148623335048846
0.765727761789456
0.3085610845547828
0.2502101807871492
0.23198454937617063
0.031111907751004586
0.8394482177150538
0.08226410808385043
0.26860844684398844
0.18801437949679223
0.1106695141247821
0.12379003578453862
0.10144022720330881
0.7958981028743938
0.5227301266606467
0.5312767622810095
0.06721808928779549
0.11425704674200177
0.8303293595183121
0.39460212854883325
0.5998022025353956
0.8323234385180501
0.9997376657737345
0.3338215424471992
0.8588571749975099
0.19517655005840495
0.4759185217251014
0.06695790701899429
0.07786516526776632
0.14640038481542172
0.5530298188578568
0.48349195066135153
0.6029360278028247
0.4443523932224511
0.41791500792328873
0.23578991017164885
0.2354817199263407
0.577268826537495
0.09342128591130716
0.36949577164109937
0.4146746120267347
0.7018467302436803
0.9468584451595781
0.05395320960768979
0.9797100369231154
0.7606064311294012
0.6486387667647142
0.04501237763484056
0.737245578930097
0.39525270063633233
0.4671147480851865
0.11511509806380071
0.8259912112433992
0.2664164335796333
0.5678581919034381
0.31934142750315786
0.9182750693650014
0.9145732901381144
0.5491003139732039
0.6311394730459936
0.6275127511505049
0.35259917921686657
0.7897798343565889
0.1777494771045518
0.10085782374518126
0.16733709708665967
0.31262180904388714
0.032872158891276926
0.6679143102945181
0.025713560638403132
0.7718970183645482
0.28292051518625194
0.5892426028240212
0.13035701586047965
0.8639881204891827
0.8732332056726073
0.4024918995463429
0.3503346973158117
0.9286152022446091
0.561916710927063
0.09934435862968083
0.4645383889582976
0.7595504115631322
0.1615226988258861
0.38305698251628584
0.19841392702655936
0.6758771288148738
0.13255575241146245
0.5542392857077628
0.5091426167718217
0.7183266231614552
0.5078461253647356
0.1516064899127041
0.8800477184275274
0.4299507686419586
0.07311084611506835
0.3347989014484013
0.221912605262494
0.056366813742380506
0.7065656890007849
0.13796031316217172
0.34706125354424056
0.15803602514413007
0.7892398535382404
0.145619740133615
0.8814663311699154
0.5655153308347313
0.6376836572881005
0.8465220367752071
0.9108134310527354
0.3283466362427767
0.9820494935069033
0.9064046679207688
0.6183647485002904
0.8092263773486904
0.6150641852635599
0.8673198051551414
0.6656291657877667
0.35732318943977615
0.4712012576407081
0.32895190420908915
0.09126002534995026
0.05808883927538144
0.5603996614488971
0.49648288216849745
0.059265459682793176
0.9016340500921127
0.37696493025471867
0.08990847931139623
0.8745309979139688
0.3377170497493973
0.6318280728402834
0.001310791723875937
0.30181736544460525
0.5926199036944658
0.4151261292267395
0.7594439382065121
0.3738112719413862
0.31166334860983624
0.18610739749827132
0.8150907541399125
0.5544701617058398
0.06083846607196686
0.30865415397724316
0.8960007148207078
0.3358169553446033
0.9720089857741036
0.20325335000060674
0.1968201053836256
0.08950397271695576
0.34836559128506595
0.5700363559283395
0.9672775454071911
0.26887981730291
0.3602894138245549
0.552546823646869
0.14098958532307238
0.8629570842656902
0.05650889156445049
0.15818516112655057
0.007601816480775514
0.3405922689718428
0.7914104212646916
0.7288172578198936
0.5725840107122796
0.19135419633614692
0.8265902555401512
0.7638241615615099
0.17184753625169857
0.5689704007225916
0.30321104008627453
0.9379079987214548
0.11245653942733158
0.47390584184379925
0.001453475940323412
0.7272594868217374
0.5960548324663099
0.3735414337702476
0.3043299100720672
0.6602301426574857
0.9482324679768769
0.15158526411261997
0.5653531718581649
0.8424426267504472
0.22490741972943828
0.8027615901471119
0.64303089191454
0.07131089283740788
0.5958994021052851
0.34448901968352397
0.7098813732246495
0.5512310285012508
0.5162242744922841
0.004170895342052394
0.5696446339269915
0.9482430753250425
0.5872394519390753
0.8588874724604677
0.6235879004314733
0.2817527206130983
0.18262156589987621
0.7536910293208346
0.31528189187799716
0.9409413459167733
0.3682600754280063
0.5053714979374537
0.3529508396866686
0.9347811310421263
0.3805013712545803
0.11047237516996689
0.25947519496693305
0.33711217316869024
0.9437797356215136
0.9195016752714938
0.8323534333117967
0.7720264337261441
0.006523336048409489
0.5136968504655619
0.9094049778464508
0.6998432411070924
0.05332445163950039
0.3263660102732969
0.43072352910098133
0.2102497470816186
0.0117153081317235
0.8877423949382733
0.16336637682887944
0.0067188129516949635
0.9134918186600982
0.9404528619615066
0.6124917812908243
0.27510615393043913
0.8933796498634489
0.5721154834689727
0.581133100755074
0.16936712406901355
0.8119384054200519
0.942244825179612
0.5605251421422385
0.7186231419278059
0.7749509374354434
0.14255821598905827
0.6338743883981701
0.06234632313352839
0.08814706729744237
0.22294011526148638
0.8586915610117543
0.05422042653794201
0.7339617884690397
0.4397355412067777
0.1562815895406382
0.4402748434495872
0.28613018032994786
0.3387077809393825
0.5817123181546281
0.013177628969103572
0.2882726239339365
0.3719097990328061
0.47356028473954437
0.37211282026919723
0.5142252224796492
0.3658826432798272
0.38995812620414605
0.17645585307097356
0.20072221724618466
0.3080079821642677
0.925944607578284
0.07150053291621172
0.29713889376209524
0.5985066072162116
0.47684555322932054
0.7857796112541715
0.012354382110019824
0.1274882982034169
0.7633895428586648
0.25206030128754753
0.4553960003849562
0.27962229561758145
0.46648957994040885
0.9878852104901922
0.9643780319398952
0.24341261741247977
0.6330979762903118
0.3865679123994875
0.7973493913715306
0.8077254214944262
0.6092687778892241
0.015841877088149436
0.2190162082966317
0.16513041145481333
0.13253808286675794
0.49890004380260555
0.6589071206603686
0.10978213885361565
0.8729594502248913
0.06135193247231563
0.5394003947526219
0.4169808799825955
0.15060817966248008
0.3676637222804662
0.5761333094207914
0.1222174525271541
0.7770947673666034
0.8419361570958016
0.8386667790530303
0.879419444115905
0.9696043247664398
0.2704141877980881
0.625878471793639
0.5712813223676746
0.0682052913080915
0.11691078137423672
0.2584101913920622
0.8689746554728951
0.3506476912288409
0.647367446984485
0.21959635249172904
0.4941981174522465
0.5835970922787197
0.6560619651033129
0.6866523146160146
0.5234421691824974
0.07522763103601415
0.31351358064146573
0.3855025104781393
0.1925063164577423
0.901323695013727
0.41492470343295185
0.8754801996459886
0.3087215389667157
0.6655164819640821
0.09803735033333028
0.8242319132236327
0.5589942365092063
0.6240081552160726
0.9205715514753817
0.5685116446790719
0.7137024007675594
0.25611297855005144
0.039951967383967335
0.2731509769270126
0.9696382321790538
0.39417146620950505
0.12181814287278481
0.2983432106905519
0.4496063021945781
0.8398697761386015
0.5188527108970197
0.9644808329119905
0.181949601423961
0.9887235740135691
0.20775130418373688
0.764137647862804
0.7201903195849507
0.36046189708915144
0.9496962804773668
0.21238785908138014
0.9311364538727588
0.09027317848843064
0.14848631573100468
0.9495065874198009
0.37921862309454457
0.374352122191538
0.9205122647957849
0.4141975488370453
0.1654866962958037
0.5829127701435847
0.9620592176274689
0.3908448935132802
0.04160854139383019
0.25480954777901776
0.9019532151720641
8.88523756215509E-4
0.11237857693365516
0.47013481948800806
0.961360927689579
0.25627299902609246
0.4646569809132616
0.16063768176421278
0.9075889677109619
0.12202224834253583
0.6163247572510164
0.7625357845826592
0.4850187495801398
0.1453434038719278
0.7657539821800086
0.24226818732800715
0.7338522023551731
0.10026521588956294
0.44045653905828364
0.9329637866176581
0.8661321943520285
0.7696674435901076
0.29298888821103874
0.8078767145422372
0.6585409494449219
0.9406596033593282
0.4728540293021454
0.7867664329105385
0.6427688352956744
0.9246189165965736
0.2150563172863691
0.4221768168974738
0.7267844733548096
0.4297987396305851
0.02912898222628646
0.8447951065344798
0.26412685849157935
0.41227047672408135
0.14686734801225854
0.16054843026964305
0.003378832393392761
0.6100635265803949
0.6926662129623471
0.5868215984758829
0.7962702003340633
0.8257192080493795
0.37727259490810205
0.49115706775897594
0.42039834337044857
0.6640763436181814
0.38392994227257926
0.15302390071909888
0.38134276306415993
0.3549577282246359
0.5153035435516936
0.5077199471647129
0.09898912335753063
0.4945282100574595
0.6002413762862877
0.3511968349919974
0.45416789015049164
0.02444672322083119
0.6213379219963652
0.48557537589240696
0.27425095939851485
0.5345359818135302
0.017433694686979306
0.06734414930566779
0.9701393764892098
0.02254562477882982
0.13959585747428216
0.9837116175078321
0.20211401397186712
0.5736854238675678
0.894790818247534
0.4273082264085204
0.14831011330544197
0.03295737072875127
0.19837267705578698
0.9654114380744712
0.677116058167785
0.6349166891162367
0.9746759429058085
0.307093581802662
0.48358487369533354
0.7283434602844544
0.0944149746192009
0.6601686086426527
0.03998729917548993
0.18740815680597034
0.8182564720483034
0.03954051150965021
0.03192325673473739
0.8362658181684602
0.027845765548075052
0.1395327780941501
0.8039481140642151
0.23061531763324183
0.7687311777321152
0.41500497037595596
0.22245918433492873
0.437611553014257
0.4040454036643618
0.829538582928378
0.27862674900258133
0.03462038303847914
0.9834663044691894
0.32370133167787785
0.7004431550359155
0.40765677372402687
0.2688942233755319
0.43237571366780414
0.8205027056818396
0.5719494622371428
0.2264463196432247
0.6373635798250186
0.9549134775543677
0.15992585470253917
0.6937831866633348
0.97995576721581
0.5887823897999351
0.9260130962743319
0.3624461657442788
0.17788196690167657
0.735002725529638
0.10300252971208912
0.1767990417846106
0.9920324930859077
0.9356130935491591
0.21132664246914712
0.744330651436198
0.8705708115051316
0.5087858076482505
0.4704485868710373
0.376489803925277
0.9615313000884508
0.8095414622812486
0.7906666934159466
0.9348877695866958
0.4297240459370866
0.4685756636223344
0.4339870139274048
0.7446172956458939
0.6397447431524534
0.8011231207897286
0.8243197482372433
0.45460186984784734
0.17411433176827307
0.8365730621587607
0.660105358879501
0.8743024605023832
0.844049685505305
0.7095891996014252
0.4365794767175716
0.4967729896290858
0.8200927298120939
0.47477659335085054
0.7202358197989099
0.6299703590436622
0.7608030421525069
0.7594763398593958
0.03464871205668418
0.8013886212277543
0.34994418573376695
0.053059145364896754
0.014668298314391759
0.3755004339098925
0.9660715987145426
0.8461262673664923
0.5651025203219892
0.1291543009156878
0.30315603339767805
0.27931724842600725
0.12035253573125138
0.8669886477593046
0.6368529233217188
0.4389613132061281
0.7430685046903297
0.02708897737191096
0.08825520186250357
0.9455993450075185
0.7227456482011193
0.6265278481570984
0.6754429624816344
0.021442068367012235
0.5392807000095958
0.8270916719197984
0.16287041170539707
0.7941191829639697
0.5418614704893397
0.8634122851515439
0.7196070033439884
0.19661325921577888
0.4601632381220139
0.06888549971749203
0.17967590340156692
0.45706105361355875
0.9126775404671706
0.2591726729236896
0.26121013716976926
0.8371445602354968
0.4061000277208928
0.7887454824035333
0.44587261836209247
0.9740824084083997
0.9300564989544422
0.1828482651281823
0.3459633327348274
0.908771916783926
0.1430466962379
0.36541621389592693
0.2938633232022413
0.6414207177595318
0.3183378338974242
0.15290179141922544
0.5769415748498411
0.8460462954551835
0.6726411641925144
0.8646258172971744
0.21077778410764791
0.19651051543693454
0.43575616981284504
0.6121838216367248
0.39453013947377646
0.6092956359643604
0.03596892813737573
0.07360215774594303
0.8245042807049426
0.5920169333179524
0.07384257537519356
0.3323526063123263
0.855455497855749
0.8017065421591416
0.33613932577363237
0.6669980099382338
0.09388376746986682
0.86319199027935
0.9619650826276682
0.014155892915170387
0.38355669021439487
0.4754317617494529
0.014829269151936053
0.19563088438839082
0.30072283051842985
0.8424599027535006
0.1371643766038434
0.8999806249360328
0.2149539668634607
0.5056298806004786
0.6679502799489326
0.8394443527138459
0.6912817552647275
0.7251377030956652
0.5894414970409272
0.4650770753837441
0.5102704255340116
0.6613432588283317
0.935595513900574
0.11609646425523523
0.8648940092531675
0.7401971874137105
0.842653145893234
0.5038634931559107
0.3565632118339688
0.7521208357093944
0.251422675437323
0.9865821911733261
0.2573731650760791
0.42997481428334894
0.38117131566687457
0.17771761269215136
0.1316204511796294
0.47929152516881
0.4866293084369031
0.049295561389618436
0.3168638284547748
0.29273549404385857
0.08246321226389675
0.8406611724270999
0.9532800842591103
0.8707949555190123
0.7736765951076625
0.7639381408405755
0.21979260384561894
0.7919966740305345
0.0657480457958497
0.7093437850008064
0.18642707983617313
0.4284755210829312
0.04491788814788167
0.8966798596884765
0.22457538697769164
0.986518935110308
0.6168864618893287
0.6937323867001743
0.23032490638172753
0.3667460001838646
0.07128839876673976
0.6279785980896848
0.010737337058567942
0.28486925900762505
0.09965931360334157
0.954912452626873
0.05893786300134052
0.5715271616220687
0.03621201984310807
0.014464667724356395
0.6011015125809941
0.07846345745850569
0.013591866856020651
0.006407316824072695
0.23690045661985404
0.1583694278555433
0.9298817887642724
0.7462965376331566
0.7147028438419502
0.25699364700839056
0.6084794465765271
0.42542185091266627
0.3837897031851206
0.7586629052463546
0.29907014058410664
0.3913938884109468
0.6480832845458464
0.8601474467562117
0.7157712795813429
0.490416624402487
0.309357262558276
0.9128421252614545
0.1376250909643496
0.5679545295675213
0.032624659141151646
0.369524805212038
0.7069682806204767
0.31141883748209154
0.29237714329152886
0.19949159092250157
0.952808834814635
0.7366610629396826
0.06557518982323207
0.39465875359111924
0.7391914109329084
0.26947654433338664
0.2257652089580512
0.9792584649430619
0.2926348181385401
0.5539839685257658
0.062426435919535006
0.7570466846156749
0.6980764377131873
0.83166195858577
0.6006272280633299
0.8824786205075658
0.2693595529344648
0.9779868540658683
0.42829621980796606
0.22609777614441928
0.4981520293023104
0.058030470714772964
0.5518911702113419
0.41942241348213827
0.8642855530335721
0.5680406415964446
0.39597438384329975
0.4109034939772944
0.6508565451182197
0.366941295659746
0.43818028938923603
0.34206621074716825
0.049031474459089286
0.6698525887647134
0.12828736222440673
0.5617369198152723
0.2603505817989151
0.37514652202660326
0.6785831962327844
0.6362961302992785
0.008425920145583521
0.4272164636461213
0.03243777897778677
0.28518729483031535
0.8572809698496474
0.8790540713682381
0.8189771248601597
0.2734500948677865
1.8077653567727392E-4
0.8118902551380494
0.3839754061674786
0.42683627733399654
0.7306528128806129
0.2935715996789444
0.05056070789501077
0.10010463234158162
0.6365009516747485
0.1130074918038465
0.6080558350678672
0.6253817015028387
0.6679656437062215
0.11493691665068173
0.6532524131123266
0.4950123980916318
0.62278600234147
0.5774285735921179
0.8156427995286875
0.292115551715714
0.2637698945115904
0.2239416046502305
0.08661105218561183
0.6720968897379516
0.23858064649460464
0.14243822655825567
0.4423108097425493
0.0196620214177472
0.20680019494158997
0.09595403136326552
0.70093437340783
0.7584106200188895
0.09592980503610204
0.45219544776023624
0.0873039089844142
0.6738822146038731
0.2058415239547392
0.23414777496272066
0.29119227552450944
0.025962853233113647
0.9602948040924655
0.5993420877085763
0.9005073083908954
0.672851500397522
0.4644843642188293
0.39234193141895446
0.9664506321997247
0.9063231634615759
0.6691868512010103
0.28317650459769483
0.1149875409854566
0.206815937256552
0.8649255777945686
0.40385952397476754
0.05744218229696374
0.6669071808101524
0.43367405152453475
0.32579822163173766
0.5727580017760917
0.4030339039417742
0.2709705930905797
0.682810149126651
0.034940482946173246
0.8778508062319841
0.05791807003044436
0.7376301334308205
0.3414256119891097
0.6894092718237999
0.6103937931994002
0.7142032952021585
0.6615935966458287
0.048378836487120824
0.8618971304409438
0.7737244536010675
0.7693752730999275
0.8608223227187833
0.6468128967634914
0.09929835611606941
0.8498732038975197
0.0615746746792627
0.34247098750375893
0.6722585098701451
0.5771480647913341
0.6020646052677583
0.601233766995488
0.9725978136481387
0.9487959243806035
0.286457075377785
0.8579445857417475
0.01662669063038069
0.832669502322843
0.47128416501813797
0.0334219987952431
0.8568896927814889
0.4320727095277721
0.49627026448871225
0.8712865106174361
0.9125350143696104
0.9079842321246855
0.597847214562209
0.6432572203989977
0.272745562278763
0.2103428436399264
0.9718937181589545
0.5371584162796208
0.4215042458522379
0.7651533097367118
0.5985225224289953
0.9022267500758717
0.6688804011019307
0.04014852815991199
0.41927784401992496
0.6679118413018732
0.9421879485742629
0.16897022283891427
0.4658948627558037
0.6752145070541066
0.4897804463906744
0.7523065191882826
0.5798116478891742
0.3637083060074461
0.4809117624332071
0.6741521685722884
0.4329136628747986
0.2427416756312215
0.4470055298697626
0.27233294932284124
0.6625290539192543
0.8419196168804823
0.0028402737849573256
0.48466260633571534
0.06748330259962354
0.3838153122231578
0.3105717576300162
0.6555776623440918
0.9770595217281957
0.25096378737028036
0.30517720803490744
0.532821289783776
0.10100089687361369
0.4295409398211576
0.7868211668131453
0.6097243184882214
0.39622981476532104
0.5037334484344579
0.10380593033361019
0.375858417609371
0.7447483508407442
0.4476557591957062
0.2991843706072541
0.227312263553621
0.5272227497112951
0.4157728808340845
0.27477603667838146
0.7575686374494799
0.49804452645143926
0.9681384095575752
0.7382426239176169
0.9009368591668174
0.7201993564830438
0.6833595217970818
0.442042149273141
0.9327214456403832
0.7020639594870975
0.9100515727391689
0.49749525406429485
0.6437842152997617
0.29329073312785325
0.4866469199785717
0.3528618085844404
0.10188433555887189
0.3432282715892644
0.6197740018067228
0.3612391645426811
0.2881565231754465
0.6028656451976742
0.7530245517502129
0.7322580171524171
0.5543146039764195
0.8600766938255648
0.18077760506488405
0.06096611032938415
0.28464448844734236
0.8379803848559421
0.3658515696047566
0.557952992318499
0.3665763097238679
0.9575217048172948
0.4051064420357058
0.5666846539352098
0.0746030255367226
0.6679169467585155
0.8537200223677325
0.9471795248442051
0.7545386740732163
0.6823963266206574
0.16671358274854708
0.42957232932430256
0.25858628833027186
0.12171581989420877
0.34540422312171914
0.09677585238235464
0.42641199245096917
0.2641990888371195
0.986812038722403
0.7423648409448173
0.03339848869469264
0.3286097429991638
0.8256525421425954
0.9679705863360641
0.5344773394390515
0.47494291357223406
0.03139615656141004
0.5338882645744369
0.6204166748682517
0.9982644023555708
0.9769774737387777
0.657263787331356
0.07316656136084265
0.5120144756107867
0.931089764501436
0.6641405333337265
0.6578418541307556
0.769732784667433
0.14260066407477112
0.6448104968707612
0.821148339219435
0.6579497912387107
0.08347706794773091
0.5363285853525683
0.7795343263380924
0.8080289030535635
0.19570893513455667
0.3617128874489667
0.17507718136411943
0.2210329104545966
0.34807278550722365
0.19226722547467257
0.8530899927024399
0.27722751199296214
0.35017764172885446
0.7676275100612406
0.47266094238768996
0.5106231456262734
0.29408772272111416
0.6075461147383105
0.5998135287560189
0.568996013550499
0.19791740415236392
0.8800936151211741
0.6527036605753417
0.8511180615125762
0.41114595462638437
0.2528709772711669
0.5692447462952367
0.41546461192450757
0.5080008141653426
0.4469888692562771
0.3497796903873651
0.8884575926505516
0.9431099261105839
0.23798562460197514
0.6908945175308374
0.26534116451337364
0.5727250451469165
0.20351891338454808
0.7711953038982244
0.6930760287404771
0.2551697231449004
0.6045804176402523
0.875846355272907
0.552176928103756
0.13576686723693476
0.40514674926442573
0.9538943858747313
0.4132081057468763
0.8943528313104536
0.5845941612075706
0.3908799702222854
0.73368937270604
0.18758606536898803
0.5778683924706619
0.248963941930487
0.4824552504439088
0.7536103292290143
0.8903151035257467
0.9777731152640685
0.23104849260766103
0.16323370885733712
0.677240846043751
0.13139626050614117
0.6355182831785444
0.9996363026996691
0.352687521455323
0.9404378217679197
0.6470325860042225
0.3277214567048884
0.09756888491951787
0.6827633661562544
0.2360030065595088
0.6745761067776642
0.47423015248559053
0.6725473452414494
0.8919599998342687
0.38410819083276904
0.2226568171452088
0.34446050803476413
0.6702046644704456
0.1317802988498521
0.7129727829061734
0.3483102606175118
0.0963030868491217
0.5894600943434137
0.4595312575032705
0.7891748053475796
0.8107777959728302
0.7157600860098124
0.5638169625887812
0.7490474806292945
0.43889032765125857
0.913840519171779
0.9465414148252902
0.008234951748699593
0.8041974461453378
0.34650070000513855
0.7537274612829545
0.4482290473359798
0.2696033192180536
0.027486021006918326
0.3772433085968909
0.962498897660501
0.6859182509746208
0.9182889826442143
0.1171603996015057
0.8276264777034379
0.15547442618216922
0.15132451095776334
0.6314734252088351
0.39443504741614355
0.577137440300583
0.6732112894611698
0.9681346025442548
0.6472370439161499
0.7290918038360019
0.05599207320869681
0.1550191458765462
0.6490537486437059
0.46706811946891635
0.9594782105931784
0.03535207148286135
0.14163647712997907
0.4682174773727579
0.7445044353916659
0.2792911362083338
0.6013450652754173
0.8346291344643066
0.03473198570078251
0.27677426401638217
0.8654159463507661
0.7855254172995613
0.6037396185686805
0.922404679267244
0.03787920181966575
0.6134575757032678
0.8244933130510901
0.14005992115816246
0.7603598384012697
0.05736516887530241
0.05988779080434692
0.36307596912126816
0.09022563733437172
0.25415030721640164
0.7959033774404626
0.08527122812123944
0.167020421629425
0.4704578488487573
0.023024650056606366
0.028739385601933787
0.567847537905085
0.8876408222681997
0.3569176257131833
0.4362540556134469
0.7533460161779911
0.8154303579223281
0.6559646509379721
0.48929243036768344
0.2881273794065248
0.8436175066703794
0.4411074647300155
0.8770989561506883
0.5830182542796611
0.606094316743133
0.2525501552062731
0.09787427793684111
0.7511802524933711
0.027889782200225866
0.18822604546468935
0.16008881876176273
0.7961552992668615
0.15337589422176034
0.2605330217028772
0.9700841673011545
0.7571109529623814
0.9126080847200626
0.8806946135560322
0.8415397448345003
0.6250370016410884
0.4728026560008054
0.7342046038386905
0.2430462210840647
0.8133711878706114
0.1432442462668675
0.5461652845199753
0.11194113043297738
0.7175082126904987
0.1544538477426628
0.7519305585871963
0.8057264186657898
0.42987318681632525
0.01623830276338345
0.8863169251148292
0.0368013017687332
0.9907167033871748
0.5742804124220483
0.5837467703609606
0.9419084667015677
0.6495158476017012
0.3312181252563893
0.4420401257239309
0.7746050840365276
0.48784158867781924
0.07570068690614506
0.6441724584547374
0.5772345989289506
0.4117796833321755
0.371697888882895
0.15516759507176592
0.588289300120275
0.9604689507684594
3.7844208629700393E-4
0.5153968384868262
0.07171738558881935
0.5970470205464935
0.018162038240250977
0.7369061633033449
0.7166427358418858
0.14927058386865422
0.6970890553819515
0.5759956821933003
0.7491292772600092
0.8493033950573494
0.24744053239293662
0.5031267619958418
0.4220364415987806
0.985642159115018
0.8875805767383229
0.020333721323660292
0.6046754940456367
0.5248766323495837
0.5222820356425969
0.5866685894840139
0.7808911827342907
0.18695723132844988
0.01833551419138091
0.30380944115820974
0.8823572158790166
0.3648697007768511
0.8250309341516417
0.6868134947922838
0.03328761791406676
0.9680930957522402
0.4771397052408639
0.29909852977067286
0.4634306923378396
0.738943772249666
0.3393147327882673
0.7660873622497112
0.5581259955009668
0.8418849983818315
0.8033647334042741
0.6985518058500324
0.2573688775572136
0.5581075563039938
0.033647913448888955
0.35454400108951023
0.790241371884641
0.731164655879339
0.2708698464106173
0.447904539405621
0.03673185683074831
0.2041691708799429
0.6508585484555263
0.3716885828796621
0.6458806425693834
0.8650397153434787
0.4724297832527846
0.24645269759679933
0.4073519924874529
0.0735070403828203
0.8572438918451604
0.6261961832403432
0.27294762094446434
0.18206993856465592
0.7845948018334631
0.3988531119676413
0.8552405250202055
0.5828156596730094
0.5553612794015049
0.40358215031975153
0.19242243318877705
0.21299679318992493
0.8418888599380564
0.5537030471738965
0.061621430393690946
0.7344829455249341
0.6143605080921504
0.8019803407717918
0.14736156109155618
0.6656824365932481
0.3992528149642104
0.11405610042742387
0.9274989938360867
0.5892550514544688
0.5217639140028116
0.7261855359252694
0.2258845404706803
0.18491452900660788
0.2116380214467155
0.35503024702149333
0.9991654151324527
0.24384495767312553
0.7106005802019593
0.7001162204490823
0.07455392264180127
0.009732735047527585
0.8096575419846723
0.5336644172697659
0.23605449594217276
0.16114134536773095
0.5658006477584069
0.9078540436536455
0.26855437995994
0.5009338493874553
0.30020031335678654
0.5261798598066056
0.31234786571943374
0.9506736423808277
0.36375625820268054
0.12341624259058237
0.15507745112808347
0.7614110853216022
0.5709153120683275
0.777802713834436
0.8937398042096725
0.9469898910515449
0.6489551826111296
0.4394170863205955
0.7363181276693875
0.8219842012143654
0.5274712473801306
0.6003035162745695
0.5807670798480732
0.18360309432417465
0.8015934793390914
0.954774970688844
0.4084895164872009
0.11537659217679841
0.24249866960098665
0.10241065500309388
0.4601099290882683
0.6101631304684539
0.8000733324396153
0.8316208728004474
0.6232616383484816
0.21099565687180621
0.1451202824641169
0.28825315885211555
0.45527054383326493
0.6505095572426622
0.43229256925625204
0.3815649658987975
0.7880311262060449
0.03317246994598144
0.6299759971917904
0.10899005162478004
0.9180351845461672
0.4492623734917912
0.4596317335549315
0.09147723049917089
0.9714274138086363
0.0355173903587267
0.7146487480367822
0.5027814298363714
0.15212621915749114
0.40460642409034797
0.48754527973865946
0.7489386613146453
0.2304621710636876
0.05404749454654301
0.6243975696518229
0.7082585435839767
0.8104504363146422
0.8349259425273412
0.5466629805768957
0.07751882387042597
0.6257280012848438
0.8117422933297813
0.43310393372399836
0.38664836063198094
0.35734977662815814
0.8769454907377171
0.6383078532230206
0.5420366956197132
0.24105277680950887
0.29718391207237704
0.13933776326886316
0.3377093641246576
0.03726065909693432
0.963033425399347
0.7483368375127868
0.23396038899502347
0.7740156057667554
0.4899379173303825
0.8064494423961924
0.8446343843880849
0.041188351840839244
0.47532435146550756
0.08321050896541815
0.9971024006354531
0.5137311119546514
0.15533134947942906
0.6455936364451074
0.9330773567936843
0.8124025866746776
0.4243164164804746
0.5321979040180622
0.20376649831385696
0.7723078343428338
0.6812836155657109
0.17059187359984807
0.0794594410671634
0.6827603823641707
0.24960022682313698
0.6096230751913858
0.8415025247259835
0.08638730149951324
0.1798471967513937
0.8035394868170945
0.15371143126806097
0.28106286469377995
0.09037518727218719
0.3810592525513403
0.8206253712265682
0.755169833327897
0.32611392145658724
0.5600635766034645
0.631608435716061
0.4048517576143973
0.12340981406979701
0.12737699819689263
0.6626542889157178
0.5313335732571519
0.6571431103682749
0.6931380181571828
0.3618529588771492
0.29705223674318293
0.8161019644383657
0.7505526548218384
0.9798290062274274
0.5312526021072184
0.3035682161362683
0.4243618679387471
0.42306295308164654
0.5188682143643446
0.1922955997824739
0.17514337822294734
0.4058585894555613
0.6809208528394335
0.3765377051330332
0.14160743905374418
0.8558207262180323
0.8603361437061102
0.45851009258585773
0.249334749328754
0.8880595675232041
0.26398759545588923
0.4826467221410722
0.6919442589516109
0.3049392211205283
0.9799440300408798
0.5882382844536027
0.8994675312927229
0.5010394883987135
0.3883112932158682
0.08951575473128515
0.6487450670647832
0.8571018731693224
0.7147213862065167
0.7119697895971098
0.5419496342803295
0.19208200378128548
0.43743750257473724
0.7146725476233493
0.6818802372553829
0.6090322116441137
0.25220681264518696
0.41059553514519687
0.006459577822302109
0.11839002943897414
0.8234074019468036
0.1603933571316727
0.40990693915607834
0.7513493740969558
0.605699170525704
0.2598499208201791
0.47434768472692135
0.48634293626094593
0.6073033593049919
0.26716013126408655
0.36315899858917233
0.20326615377049695
0.08419873747314299
0.2234468799349344
0.186141378380008
0.05292420764820138
0.8039371476927888
0.9083894597076726
0.9366439425139096
0.08328539915030353
0.6984444709338772
0.7425660379852828
0.9220605715563354
0.6994757790748648
0.4370878966641496
0.1990899165217931
0.46165355376450545
0.5510512292151761
0.6944538655573462
0.6193450794303308
0.509449749539097
0.7379351899704704
0.6616953812762317
0.1411037366302671
0.7749938920376648
0.8055112932560751
0.6559714029628387
0.04203488401356181
0.861032579208973
0.8597120692291507
0.5194151331536195
0.17758930737173018
0.9147412181508037
0.2745464270688569
0.8672318791069246
0.3494734314586121
0.2978958182627792
0.8873598684293171
0.14394166815290332
0.37940054285999136
0.821430158009352
0.28122356931298875
0.8774451068087178
0.38253479002335355
0.16110815505756526
0.7391992374098699
0.48250608417827867
0.23601967456748685
0.1735801037200947
0.7218288188326648
0.45840786886667284
0.5202095528246747
0.9658807904930515
0.2670495597835538
0.8499541076101889
0.2736992204098424
0.7364663298499602
0.540836221061011
0.39664970128048216
0.7479727021414514
0.6021756680997508
0.8772243054260194
0.8818110132610324
0.9734699414161244
0.8530419787294077
0.03796902274276737
0.8115185384739698
0.3560954518726146
0.3356677688648927
0.09494706769849315
0.7027396378809903
0.7116706153180165
0.955917191634146
0.29250931837226435
0.9406125839657129
0.11555714521535598
0.6129675483268534
0.48234411380597075
0.37679763645651065
0.6956561306686992
0.22930147268910794
0.24001273072453477
0.5839645799443146
0.029213556574699706
0.9250099995254305
0.5701698913657428
0.9559004024901837
0.11733991708918345
0.7998159870115087
0.18658378810605325
0.6483848913491278
0.005877637516580436
0.23251645659157028
0.7134216995677765
0.6928957642516408
0.9972272823080985
0.085081365846852
0.7958688716709476
0.4833693469453524
0.05496933144713734
0.7074352872877612
0.03099973703376535
0.23565661741788835
0.4415955896363024
0.17898793628154708
0.8339224922867191
0.9499783945553361
0.8493902807635262
0.7942679841634704
0.8395688912185629
0.8685980903804527
0.2854776900801218
0.40255419415516214
0.2071035840308023
0.4140936991995199
0.7542799841037353
0.8451866461746461
0.24177829519629723
0.11802524617554988
0.34410480350490735
0.3992799087647536
0.07815756635142035
0.10545834642808327
0.6693095478156714
0.8328493082775981
0.7789951880382352
0.2877173436199536
0.7454651959974905
0.4039001473708762
0.09564085452348547
0.5339071446751803
0.2821693285026824
0.8948192077038266
0.30870915677875943
0.7411555333267041
0.06663478078399909
0.5634464218331964
0.02184392061029017
0.9041928834430184
0.5809064990070713
0.7134943177662423
0.5167629161969143
0.9967995417967525
0.24653593769755533
0.43952117833008886
0.2943690406693529
0.7208153019179903
0.7227691699648982
0.9854534539701839
0.7245661886976241
0.9528201671066215
0.4977807754098602
0.07069192934768875
0.30651912098580925
0.02425849816624137
0.6072129875349139
0.4841249480035509
0.9014485648485576
0.8076935491701084
0.6902552133775751
0.2239113159480015
0.44165389553390333
0.9500434813568205
0.7507266233680843
0.4696845892602278
0.04230795901080486
0.4930632557831476
0.9290999512553128
0.7138692430393525
0.14666946276687798
0.5520017685231465
0.3111323381908716
0.4500886134042813
0.3207104884652787
0.6852770340489523
0.29974466547324297
0.9191833682081973
0.579757789211943
0.08117654204642633
0.3590179382111828
0.5471482513645912
0.6775985022317136
0.7120039778199077
0.0026517316991268025
0.8743343029024119
0.6176021703223641
0.1617574258339496
0.7439561939614423
0.9715521174562971
0.7557626401362392
0.920338446663272
0.3504256415194289
0.5662516649640522
0.2571650152930306
0.5554551654078955
0.1531683909649877
0.36074240612633746
0.3402343130482752
0.3227970904841917
0.34994434500409644
0.31445715503718796
0.6972241027537346
0.4557226349560275
0.21028759755250692
0.983551630504879
0.7147548648223341
0.5876153376648232
0.8421689035564924
0.36367125033421566
0.6348136516947819
0.5032281212837829
0.711878609787358
0.06550552208262805
0.5944776504032865
0.6897491867630093
0.42228757295436314
0.06778921889967904
0.561726481199034
0.9639874492801674
0.34937030038752204
0.7386990407626536
0.5450591788719665
0.7889890247077513
0.6128505594222946
0.294133263921839
0.0962333574658436
0.7615609360898615
0.5140569069199372
0.37015103265033245
0.04829592096812152
0.151591453095956
0.012551799609536896
0.9268867172978578
0.6351760028666588
0.3047216119440799
0.03282441083805632
0.27254446247830244
0.6244624157775213
0.18183537614112177
0.39331408927003986
0.5986164885058118
0.8615896643520813
0.3020008364036224
0.932258132856444
0.051257929393385804
0.6715075964951984
0.8799086671545686
0.9683333229227086
0.028790425596877056
0.8930120661274441
0.0045176213067879
0.5787881954221571
0.09159505772624554
0.9312650966115047
0.2925318086709091
0.3037389217973644
0.5981952206661956
0.10563432354172586
0.5684978711319744
0.7925285530936289
0.9401177918457
0.7428340466510198
0.7727243388106243
0.5965258323648092
0.03816170288028109
0.9194505164469979
0.47888988932054066
0.7824662490373822
0.5839900898609112
0.4932865623952566
0.11512080446524842
0.2914149864919635
0.3635033823874715
0.0795620726679287
0.22548224951104634
6.570976421902408E-4
0.8822379037123409
0.9258579504314579
0.8832421954590564
0.25929817921518294
0.4280746933085142
0.2187932202542846
0.6729303727798596
0.2630837585570177
0.6528321713826893
0.21577637585081233
0.49512929950243667
0.00992365167569309
0.7318549853983085
0.7367735473972431
0.816098051400286
0.7348328715389364
0.1695006268123227
0.9738876528599364
0.8837438999367807
0.6614785363759256
0.3584648094334354
0.28064432356322944
0.8621202527646247
0.6272471503621225
0.07217489248008402
0.5882319105795296
0.7985446062633581
0.6397248620826281
0.17202053846592147
0.36254444936273966
0.8305931236063389
0.7047088295026491
0.9449791892252156
0.5637280257620501
0.06464297868568913
0.32934455282921216
0.652233490018257
0.8990325024433452
0.11329801245448823
0.9487108461379187
0.06566658437890494
0.7701222692285108
0.36594655039336743
0.15015060263095004
0.996660105450173
0.7076010374969838
0.6848651249838041
0.9768717264923553
0.08040949276079179
0.7583573930323716
0.36869504211619697
0.7808199125195505
0.36900916530768524
0.2454394810108661
0.9057836525442958
0.06455055161762158
0.6078502845537231
0.5555183443803073
0.2517956648714381
0.5028045021241464
0.42241232121342687
0.12560174159919546
0.10916405558899656
0.866718411223234
0.026318409138289756
0.5985108705707287
0.96036423011612
0.8870771411987666
0.47656446700116173
0.19573492869909592
0.41265927522851154
0.1877423555673926
0.9481202390777183
0.7166292978373854
0.7488778812708314
0.2963677631460403
0.9776397602669216
0.2145252036103994
0.44695078559897317
0.3967382316721586
0.13480808058755678
0.32316975580950646
0.8303459497601048
0.9255466686843016
0.11988983939140141
0.4110174462353281
0.9422058057866515
0.33614855543382516
0.8573342343057603
0.2262450485194234
0.19790526362587013
0.3528112914897755
0.7578305165926347
0.461964351715792
0.36391203848124176
0.8212017984420352
0.9549966644563254
0.718957391515066
0.935245778559743
0.824332034772113
0.9879230673804867
0.6723619159958191
0.03949599333075393
0.07790929323255502
0.097082510399366
0.8590852979646613
0.5822732095879092
0.7450141666817933
0.028656210707474816
0.39432691705625744
0.46713143353338127
0.7172559197204218
0.0011152908556250063
0.09844104937786524
0.37241468971656355
0.09803146977217769
0.2779354887833201
0.969473119881268
0.7481437428689526
0.09324084359359752
0.6116127724057917
0.6720545346417572
0.4079736792862507
0.7657882375339593
0.6766858651762563
0.7299421173775527
0.3344169975745038
0.1424248344922976
0.49326107688113685
0.4073403027778577
0.08994056212499646
0.9749656783032433
0.7575740341016655
0.8432454384482873
0.5322095477171538
0.05263983125709781
0.9424115596615829
0.8634035013598922
0.36866483187361143
0.33830907369184227
0.007756490489063017
0.036073589573546005
0.45378467640198394
0.35851770675408157
0.5708068009075191
0.9606414640420758
0.6317957441573132
0.21581187850089167
0.42455987607974266
0.48222899637531313
0.3582623426337823
0.3114938623072302
0.36544169784909863
0.5107967606986704
0.2958968238869846
0.3679531018157889
0.39299955428855804
0.3898385189694471
0.5730983750046749
0.6219423285748332
0.4784662907319682
0.3076183320635594
0.41814121512292535
0.12364404448485156
0.2640430259396994
0.07300200839379734
0.4375974424014708
0.9210983977808948
0.2510361242786543
0.688286604326978
0.8944938513802813
0.535540993450021
0.2625239076419411
0.5430332112141855
0.9598659379367463
0.5404250990598637
0.22501665060468534
0.7257592130287248
0.06078657699223944
0.2453794936465894
0.6036134350905088
0.9044491990248091
0.12861090113181772
0.45607980259598424
0.14644798953873472
0.46219319445208906
0.7630926369944288
0.03198735673381947
0.9467548926860756
0.09086460759303994
0.07119167334917176
0.4961371823592077
0.21467614250393308
0.8436001919014338
0.21380668849835582
0.26463164739382783
0.5659681329237116
0.7259467953099465
0.49932994211592774
0.15822471136025396
0.08105689395324589
0.2658908554426337
0.19983677336905825
0.7343566947018905
0.8654296539975235
0.144588406862191
0.1338849512922864
0.6352270756889552
0.3511388317921925
0.8924645578062147
0.4593142040091289
0.5859690026048913
0.11923484028026043
0.8594534443360483
0.05009974879337553
0.896715644005568
0.5942314898138049
0.15350082109923158
